[
{"gestures":[],"hands":[{"direction":[-0.0303918,0.416045,-0.908836],"id":3,"palmNormal":[0.0152265,-0.908958,-0.416609],"palmPosition":[30.6925,218.151,65.7458],"palmVelocity":[61.618,207.484,266.073],"r":[[0.939603,-0.318718,0.124763],[0.327245,0.943359,-0.0546252],[-0.100287,0.0921542,0.990682]],"s":1.43755,"sphereCenter":[23.5782,157.931,15.623],"sphereRadius":82.7951,"t":[50.6768,4.72984,-186.015]}],"id":3365,"pointables":[{"direction":[-0.0744647,-0.334503,-0.939448],"handId":3,"id":4,"length":69.969,"tipPosition":[34.2175,233.02,-32.2792],"tipVelocity":[97.5727,262.319,252.974],"tool":false},{"direction":[-0.162417,-0.222802,-0.961239],"handId":3,"id":5,"length":59.4608,"tipPosition":[-1.65447,225.287,-29.978],"tipVelocity":[142.452,242.554,235.523],"tool":false},{"direction":[-0.0391878,-0.288252,-0.956752],"handId":3,"id":6,"length":62.1195,"tipPosition":[64.7097,221.036,-15.8932],"tipVelocity":[52.6238,204.877,221.391],"tool":false},{"direction":[-0.39996,-0.070807,-0.913794],"handId":3,"id":2,"length":48.8021,"tipPosition":[-40.223,214.84,0.355565],"tipVelocity":[120.952,190.391,125.568],"tool":false},{"direction":[0.477374,-0.0995629,-0.873042],"handId":3,"id":1,"length":39.4704,"tipPosition":[94.3776,175.074,45.6018],"tipVelocity":[-2.3625,88.1189,123.832],"tool":false}],"r":[[0.855553,-0.427893,0.291437],[0.421102,0.902631,0.0890564],[-0.301167,0.0465323,0.952435]],"s":1.87562,"t":[-14.1098,14.5345,-278.033],"timestamp":33264463},
{"gestures":[],"hands":[{"direction":[-0.0182692,0.462044,-0.886669],"id":3,"palmNormal":[0.0222456,-0.88641,-0.462367],"palmPosition":[32.901,226.039,77.2558],"palmVelocity":[141.162,504.181,735.699],"r":[[0.947043,-0.301462,0.110585],[0.310208,0.947894,-0.0725771],[-0.0829438,0.103038,0.991213]],"s":1.41838,"sphereCenter":[26.1128,169.393,22.9296],"sphereRadius":80.0082,"t":[54.0088,11.5707,-179.087]}],"id":3371,"pointables":[{"direction":[-0.0611539,-0.358969,-0.931344],"handId":3,"id":4,"length":68.6956,"tipPosition":[38.1317,242.689,-22.4041],"tipVelocity":[250.183,618.054,631.196],"tool":false},{"direction":[-0.146545,-0.238492,-0.960024],"handId":3,"id":5,"length":58.1594,"tipPosition":[3.15782,233.744,-20.7716],"tipVelocity":[307.593,540.559,588.457],"tool":false},{"direction":[-0.0377578,-0.309511,-0.950146],"handId":3,"id":6,"length":61.3442,"tipPosition":[66.7811,229.104,-7.37541],"tipVelocity":[132.397,515.666,544.439],"tool":false},{"direction":[-0.382785,-0.0789257,-0.92046],"handId":3,"id":2,"length":48.4936,"tipPosition":[-35.2662,220.555,5.081],"tipVelocity":[316.832,365.277,302.041],"tool":false},{"direction":[0.461806,-0.107787,-0.880408],"handId":3,"id":1,"length":39.1026,"tipPosition":[94.0569,179.724,51.0072],"tipVelocity":[-20.5023,297.216,345.507],"tool":false}],"r":[[0.867494,-0.41081,0.280517],[0.40885,0.910037,0.068365],[-0.283366,0.0553832,0.957411]],"s":1.85644,"t":[-10.7778,21.3754,-271.105],"timestamp":33280108},
{"gestures":[{"center":[75.9484,154.379,30.5413],"duration":569604,"handIds":[3],"id":0,"normal":[0.603766,-0.782193,-0.153752],"pointableIds":[1],"progress":0.820073,"radius":28.3244,"state":"start","type":"circle"}],"hands":[{"direction":[-0.00936365,0.503155,-0.864146],"id":3,"palmNormal":[0.0303149,-0.863643,-0.503191],"palmPosition":[34.6094,232.166,86.0233],"palmVelocity":[140.174,502.719,719.352],"r":[[0.953171,-0.286933,0.0955768],[0.295349,0.951138,-0.0900335],[-0.0650732,0.114046,0.991342]],"s":1.39809,"sphereCenter":[28.4544,180.03,30.0534],"sphereRadius":77.6062,"t":[57.2431,18.2883,-171.806]}],"id":3373,"pointables":[{"direction":[-0.0496673,-0.381247,-0.923138],"handId":3,"id":4,"length":67.1839,"tipPosition":[41.2682,250.572,-14.1255],"tipVelocity":[257.348,646.749,679.249],"tool":false},{"direction":[-0.155272,-0.26739,-0.950996],"handId":3,"id":5,"length":58.51,"tipPosition":[6.99944,240.338,-12.9439],"tipVelocity":[315.197,541.038,642.25],"tool":false},{"direction":[-0.0355465,-0.326216,-0.944627],"handId":3,"id":6,"length":60.5531,"tipPosition":[68.5913,236.353,0.259035],"tipVelocity":[148.526,594.79,626.39],"tool":false},{"direction":[-0.364281,-0.0872446,-0.927193],"handId":3,"id":2,"length":48.1375,"tipPosition":[-30.884,225.291,9.21798],"tipVelocity":[359.544,388.562,339.43],"tool":false},{"direction":[0.444325,-0.11604,-0.888319],"handId":3,"id":1,"length":38.7756,"tipPosition":[93.7799,184.498,56.2225],"tipVelocity":[-22.7262,391.679,427.9],"tool":false}],"r":[[0.878074,-0.396236,0.268297],[0.398481,0.915893,0.0485073],[-0.264951,0.064318,0.962114]],"s":1.83615,"t":[-7.54349,28.0929,-263.824],"timestamp":33292296},
{"gestures":[{"center":[76.43,155.69,31.9351],"duration":597858,"handIds":[3],"id":0,"normal":[0.563486,-0.81925,-0.106363],"pointableIds":[1],"progress":0.831581,"radius":28.8338,"state":"update","type":"circle"}],"hands":[{"direction":[0.00136957,0.550959,-0.834531],"id":3,"palmNormal":[0.033897,-0.834078,-0.550604],"palmPosition":[36.2093,239.393,96.812],"palmVelocity":[56.6252,255.774,381.848],"r":[[0.958008,-0.275352,0.0800069],[0.282911,0.953121,-0.107337],[-0.046701,0.125464,0.990998]],"s":1.37671,"sphereCenter":[30.7747,191.08,38.5774],"sphereRadius":75.5066,"t":[60.3568,24.6369,-163.986]}],"id":3379,"pointables":[{"direction":[-0.159235,-0.301166,-0.940183],"handId":3,"id":5,"length":58.4066,"tipPosition":[10.6725,246.318,-4.58602],"tipVelocity":[130,211.642,295.812],"tool":false},{"direction":[-0.0404725,-0.408251,-0.911972],"handId":3,"id":4,"length":64.8885,"tipPosition":[44.2612,259.355,-4.19707],"tipVelocity":[105.932,310.88,351.398],"tool":false},{"direction":[-0.0347956,-0.346514,-0.937399],"handId":3,"id":6,"length":59.9368,"tipPosition":[70.372,244.207,8.79336],"tipVelocity":[63.0249,277.978,302.057],"tool":false},{"direction":[-0.342127,-0.0945789,-0.934882],"handId":3,"id":2,"length":47.8923,"tipPosition":[-26.5789,230.584,14.0068],"tipVelocity":[152.372,187.337,169.491],"tool":false},{"direction":[0.424515,-0.118063,-0.89769],"handId":3,"id":1,"length":38.1767,"tipPosition":[93.5759,190.059,61.7501],"tipVelocity":[-7.21869,196.826,195.639],"tool":false}],"r":[[0.887238,-0.384409,0.255026],[0.390307,0.920222,0.0292019],[-0.245906,0.0736293,0.966493]],"s":1.81477,"t":[-4.42983,34.4416,-256.005],"timestamp":33320550},
{"gestures":[{"center":[76.7242,157.194,33.5081],"duration":608048,"handIds":[3],"id":0,"normal":[0.480484,-0.876149,-0.0387133],"pointableIds":[1],"progress":0.839283,"radius":29.1924,"state":"update","type":"circle"}],"hands":[{"direction":[0.0139366,0.59098,-0.806566],"id":3,"palmNormal":[0.0159812,-0.806673,-0.590782],"palmPosition":[37.4601,244.661,103.911],"palmVelocity":[122.747,516.951,696.639],"r":[[0.961656,-0.266477,0.0648669],[0.272732,0.954092,-0.123798],[-0.0288995,0.136743,0.990185]],"s":1.35576,"sphereCenter":[32.8668,201.024,46.2978],"sphereRadius":73.6252,"t":[63.0218,30.2659,-156.508]}],"id":3381,"pointables":[{"direction":[-0.161799,-0.336748,-0.927589],"handId":3,"id":5,"length":58.7538,"tipPosition":[13.564,251.08,2.5512],"tipVelocity":[283.76,467.394,700.414],"tool":false},{"direction":[-0.0269508,-0.403394,-0.914629],"handId":3,"id":4,"length":62.8693,"tipPosition":[46.4777,266.317,4.09501],"tipVelocity":[217.517,683.166,813.747],"tool":false},{"direction":[-0.0334301,-0.363417,-0.931026],"handId":3,"id":6,"length":59.845,"tipPosition":[71.7987,251.114,16.2092],"tipVelocity":[140.006,677.809,727.758],"tool":false},{"direction":[-0.319148,-0.103496,-0.942037],"handId":3,"id":2,"length":47.6072,"tipPosition":[-23.0509,235.279,18.3017],"tipVelocity":[346.225,460.786,421.489],"tool":false},{"direction":[0.40458,-0.11821,-0.90683],"handId":3,"id":1,"length":37.714,"tipPosition":[93.4761,194.968,66.3762],"tipVelocity":[-9.79676,481.778,453.992],"tool":false}],"r":[[0.894891,-0.37516,0.241713],[0.384048,0.923246,0.0111055],[-0.227327,0.0828912,0.970284]],"s":1.79383,"t":[-1.76475,40.0705,-248.526],"timestamp":33330740},
{"gestures":[{"direction":[0.336177,0.66527,0.666634],"duration":0,"handIds":[3],"id":1,"pointableIds":[4],"position":[48.0724,271.355,10.8656],"speed":852.969,"startPosition":[8.68806,193.416,-67.2329],"state":"start","type":"swipe"},{"center":[76.2451,158.733,35.2953],"duration":618117,"handIds":[3],"id":0,"normal":[0.343947,-0.937668,0.0497934],"pointableIds":[1],"progress":0.844659,"radius":29.3151,"state":"update","type":"circle"}],"hands":[{"direction":[0.0230143,0.622068,-0.782625],"id":3,"palmNormal":[0.0204247,-0.782961,-0.621735],"palmPosition":[38.3177,247.875,109.684],"palmVelocity":[85.1718,319.265,573.367],"r":[[0.964356,-0.259762,0.0504096],[0.264348,0.954215,-0.139981],[-0.0117397,0.148318,0.98887]],"s":1.3362,"sphereCenter":[34.5987,209.557,53.3274],"sphereRadius":72.1107,"t":[65.0439,35.3463,-150.151]}],"id":3383,"pointables":[{"direction":[-0.0162499,-0.414212,-0.910035],"handId":3,"id":4,"length":60.4308,"tipPosition":[48.0724,271.355,10.8656],"tipVelocity":[158.369,500.323,672.423],"tool":false},{"direction":[-0.295761,-0.112141,-0.948657],"handId":3,"id":2,"length":47.2192,"tipPosition":[-20.1483,239.305,22],"tipVelocity":[288.275,399.825,367.291],"tool":false},{"direction":[-0.032071,-0.379754,-0.924532],"handId":3,"id":6,"length":59.0705,"tipPosition":[72.962,257.53,23.2043],"tipVelocity":[115.533,637.216,694.712],"tool":false},{"direction":[0.381233,-0.125735,-0.915889],"handId":3,"id":1,"length":37.5309,"tipPosition":[93.3765,199.018,69.7325],"tipVelocity":[-9.88941,402.165,333.325],"tool":false}],"r":[[0.901267,-0.367987,0.228698],[0.379392,0.925214,-0.00641252],[-0.209235,0.0925455,0.973476]],"s":1.77427,"t":[0.257264,45.1509,-242.17],"timestamp":33340809},
{"gestures":[{"direction":[0.303372,0.669998,0.677545],"duration":10252,"handIds":[3],"id":1,"pointableIds":[4],"position":[49.2521,276.763,16.4726],"speed":768.536,"startPosition":[8.68806,193.416,-67.2329],"state":"update","type":"swipe"},{"center":[68.3691,160.252,40.1997],"duration":628369,"handIds":[3],"id":0,"normal":[0.150697,-0.976516,0.15397],"pointableIds":[1],"progress":0.850725,"radius":31.7078,"state":"update","type":"circle"}],"hands":[{"direction":[0.0367082,0.64283,-0.765129],"id":3,"palmNormal":[0.00639324,-0.76578,-0.643071],"palmPosition":[38.8582,250.736,113.162],"palmVelocity":[52.7227,279.012,339.294],"r":[[0.966217,-0.25513,0.0365074],[0.257682,0.953588,-0.155787],[0.00493286,0.159931,0.987116]],"s":1.32031,"sphereCenter":[36.1355,217.443,59.7961],"sphereRadius":70.8811,"t":[66.5972,40.1244,-144.789]}],"id":3385,"pointables":[{"direction":[0.0164055,-0.419248,-0.907723],"handId":3,"id":4,"length":59.5205,"tipPosition":[49.2521,276.763,16.4726],"tipVelocity":[115.076,527.534,546.912],"tool":false},{"direction":[-0.271576,-0.124541,-0.954325],"handId":3,"id":2,"length":46.9818,"tipPosition":[-17.6602,242.849,25.1294],"tipVelocity":[242.692,345.617,305.252],"tool":false},{"direction":[-0.0315551,-0.397115,-0.917226],"handId":3,"id":6,"length":58.1699,"tipPosition":[73.9514,263.707,29.6226],"tipVelocity":[96.5149,602.533,626.061],"tool":false},{"direction":[0.358226,-0.128868,-0.924699],"handId":3,"id":1,"length":37.2699,"tipPosition":[93.3179,202.556,72.9077],"tipVelocity":[-5.71705,345.169,309.72],"tool":false}],"r":[[0.906507,-0.362819,0.215886],[0.376251,0.926226,-0.0232641],[-0.191518,0.102316,0.976141]],"s":1.75838,"t":[1.81058,49.929,-236.808],"timestamp":33351061},
{"gestures":[{"direction":[0.31158,0.666913,0.676864],"duration":20361,"handIds":[3],"id":1,"pointableIds":[4],"position":[50.4088,280.734,20.9089],"speed":599.955,"startPosition":[8.68806,193.416,-67.2329],"state":"update","type":"swipe"},{"center":[68.3691,160.252,40.1997],"duration":628369,"handIds":[3],"id":0,"normal":[0.150697,-0.976516,0.15397],"pointableIds":[1],"progress":0.850725,"radius":31.7078,"state":"update","type":"circle"}],"hands":[{"direction":[0.0532712,0.664294,-0.745571],"id":3,"palmNormal":[-0.00767043,-0.746337,-0.665524],"palmPosition":[39.2797,253.519,116.419],"palmVelocity":[41.6893,275.314,322.117],"r":[[0.967379,-0.252215,0.0237759],[0.252517,0.952481,-0.170341],[0.0203163,0.170788,0.985098]],"s":1.30614,"sphereCenter":[37.4188,224.346,65.5681],"sphereRadius":69.7853,"t":[67.8573,44.3353,-140.283]}],"id":3387,"pointables":[{"direction":[0.0329416,-0.408565,-0.912134],"handId":3,"id":4,"length":56.4374,"tipPosition":[50.4088,280.734,20.9089],"tipVelocity":[114.413,392.816,438.807],"tool":false},{"direction":[-0.245044,-0.133423,-0.960287],"handId":3,"id":2,"length":46.6309,"tipPosition":[-15.4753,246.165,27.9915],"tipVelocity":[216.108,328.009,283.092],"tool":false},{"direction":[-0.0301939,-0.411515,-0.910903],"handId":3,"id":6,"length":57.2118,"tipPosition":[74.7287,269,35.0941],"tipVelocity":[76.8842,523.51,541.194],"tool":false},{"direction":[0.333315,-0.1315,-0.9336],"handId":3,"id":1,"length":37.0987,"tipPosition":[93.3769,206.214,75.4154],"tipVelocity":[5.83228,361.744,248.04],"tool":false}],"r":[[0.91065,-0.359342,0.203936],[0.374254,0.926521,-0.0386212],[-0.175073,0.111494,0.978222]],"s":1.7442,"t":[3.07075,54.1399,-232.302],"timestamp":33361171},
{"gestures":[{"direction":[0.288462,0.664059,0.689794],"duration":30513,"handIds":[3],"id":1,"pointableIds":[4],"position":[51.2261,283.125,24.6935],"speed":448.242,"startPosition":[8.68806,193.416,-67.2329],"state":"update","type":"swipe"},{"center":[68.3691,160.252,40.1997],"duration":628369,"handIds":[3],"id":0,"normal":[0.150697,-0.976516,0.15397],"pointableIds":[1],"progress":0.850725,"radius":31.7078,"state":"update","type":"circle"}],"hands":[{"direction":[0.0641971,0.681481,-0.729014],"id":3,"palmNormal":[-0.0166947,-0.729686,-0.683579],"palmPosition":[39.5718,255.215,118.123],"palmVelocity":[28.7766,167.001,167.807],"r":[[0.967999,-0.250644,0.0124457],[0.248651,0.951235,-0.18255],[0.0339163,0.179803,0.983118]],"s":1.29232,"sphereCenter":[38.4519,230.357,70.549],"sphereRadius":68.9036,"t":[68.8546,48.1613,-136.394]}],"id":3389,"pointables":[{"direction":[0.0433116,-0.40252,-0.914386],"handId":3,"id":4,"length":53.5565,"tipPosition":[51.2261,283.125,24.6935],"tipVelocity":[80.4998,235.514,372.791],"tool":false},{"direction":[-0.216362,-0.143176,-0.965758],"handId":3,"id":2,"length":46.2366,"tipPosition":[-13.5448,249.364,30.7534],"tipVelocity":[190.161,315.141,272.057],"tool":false},{"direction":[-0.0288072,-0.42532,-0.904584],"handId":3,"id":6,"length":56.3079,"tipPosition":[75.38,273.375,39.428],"tipVelocity":[64.1553,430.99,426.902],"tool":false},{"direction":[0.306278,-0.13113,-0.942867],"handId":3,"id":1,"length":36.8889,"tipPosition":[93.5109,209.896,78.064],"tipVelocity":[13.1978,362.762,260.896],"tool":false}],"r":[[0.913834,-0.357219,0.193137],[0.373003,0.926403,-0.0514347],[-0.160549,0.119043,0.979823]],"s":1.73038,"t":[4.06796,57.9659,-228.412],"timestamp":33371323},
{"gestures":[{"direction":[0.267855,0.66047,0.701451],"duration":40644,"handIds":[3],"id":1,"pointableIds":[4],"position":[51.885,285.218,27.8009],"speed":375.487,"startPosition":[8.68806,193.416,-67.2329],"state":"update","type":"swipe"},{"center":[68.3691,160.252,40.1997],"duration":628369,"handIds":[3],"id":0,"normal":[0.150697,-0.976516,0.15397],"pointableIds":[1],"progress":0.850725,"radius":31.7078,"state":"update","type":"circle"}],"hands":[{"direction":[0.0740265,0.699834,-0.710459],"id":3,"palmNormal":[-0.00550261,-0.712116,-0.70204],"palmPosition":[39.653,256.856,120.149],"palmVelocity":[8.01317,161.99,200.064],"r":[[0.968154,-0.250348,0.00212477],[0.246046,0.94988,-0.192846],[0.0462603,0.187227,0.981227]],"s":1.27883,"sphereCenter":[39.2744,235.972,75.32],"sphereRadius":68.2521,"t":[69.6449,51.72,-133.118]}],"id":3391,"pointables":[{"direction":[0.0646425,-0.376261,-0.924256],"handId":3,"id":4,"length":51.2943,"tipPosition":[51.885,285.218,27.8009],"tipVelocity":[65.0466,206.555,306.748],"tool":false},{"direction":[-0.18481,-0.148688,-0.971461],"handId":3,"id":2,"length":45.9057,"tipPosition":[-11.8155,252.336,32.9698],"tipVelocity":[170.712,293.388,218.792],"tool":false},{"direction":[-0.0291435,-0.442598,-0.896246],"handId":3,"id":6,"length":55.2087,"tipPosition":[75.888,277.523,43.6313],"tipVelocity":[50.1482,409.408,414.928],"tool":false},{"direction":[0.273672,-0.132082,-0.952711],"handId":3,"id":1,"length":36.8322,"tipPosition":[93.5797,213.508,80.2156],"tipVelocity":[6.7933,356.471,212.394],"tool":false}],"r":[[0.916225,-0.356366,0.183126],[0.372558,0.925927,-0.0621286],[-0.147421,0.125149,0.981124]],"s":1.71689,"t":[4.8583,61.5247,-225.137],"timestamp":33381453},
{"gestures":[{"direction":[0.241989,0.655876,0.71503],"duration":60871,"handIds":[3],"id":1,"pointableIds":[4],"position":[51.7606,287.389,31.0999],"speed":195.358,"startPosition":[8.68806,193.416,-67.2329],"state":"update","type":"swipe"},{"center":[68.3691,160.252,40.1997],"duration":628369,"handIds":[3],"id":0,"normal":[0.150697,-0.976516,0.15397],"pointableIds":[1],"progress":0.850725,"radius":31.7078,"state":"update","type":"circle"}],"hands":[{"direction":[0.0894299,0.701665,-0.706872],"id":3,"palmNormal":[-0.0213992,-0.708199,-0.705689],"palmPosition":[39.3966,257.878,122.427],"palmVelocity":[-12.6758,50.5198,112.587],"r":[[0.967807,-0.251651,-0.00463867],[0.245556,0.94809,-0.202057],[0.0552459,0.194414,0.979363]],"s":1.26589,"sphereCenter":[39.7456,241.119,79.931],"sphereRadius":67.9136,"t":[70.0758,55.7023,-129.831]}],"id":3395,"pointables":[{"direction":[0.0814363,-0.397078,-0.914165],"handId":3,"id":4,"length":50.0167,"tipPosition":[51.7606,287.389,31.0999],"tipVelocity":[-6.14834,107.363,163.095],"tool":false},{"direction":[-0.167702,-0.200696,-0.965193],"handId":-1,"id":2,"length":45.9057,"tipPosition":[-10.3023,255.658,35.4311],"tipVelocity":[74.8064,164.215,121.68],"tool":false},{"direction":[-0.0264516,-0.450785,-0.892241],"handId":3,"id":6,"length":53.7001,"tipPosition":[76.3873,282.34,47.2945],"tipVelocity":[24.68,238.17,181.099],"tool":false},{"direction":[0.233535,-0.125854,-0.964169],"handId":3,"id":1,"length":36.8524,"tipPosition":[93.6512,217.913,82.0054],"tipVelocity":[3.53591,217.812,88.481],"tool":false}],"r":[[0.917504,-0.357212,0.174887],[0.373584,0.924889,-0.0708102],[-0.136457,0.130304,0.982039]],"s":1.70309,"t":[5.39616,65.2359,-222.059],"timestamp":33401681},
{"gestures":[{"direction":[0.241989,0.655876,0.71503],"duration":60871,"handIds":[3],"id":1,"pointableIds":[4],"position":[51.7606,287.389,31.0999],"speed":195.358,"startPosition":[8.68806,193.416,-67.2329],"state":"update","type":"swipe"},{"center":[68.3691,160.252,40.1997],"duration":628369,"handIds":[3],"id":0,"normal":[0.150697,-0.976516,0.15397],"pointableIds":[1],"progress":0.850725,"radius":31.7078,"state":"update","type":"circle"}],"hands":[{"direction":[0.102924,0.715608,-0.690878],"id":3,"palmNormal":[-0.0119518,-0.693627,-0.720236],"palmPosition":[38.9705,258.517,124.13],"palmVelocity":[-42.1107,63.215,168.271],"r":[[0.967032,-0.254429,-0.0107025],[0.246585,0.94606,-0.210159],[0.0635958,0.200592,0.977609]],"s":1.25455,"sphereCenter":[40.0416,245.788,83.8997],"sphereRadius":67.6866,"t":[70.4795,59.7527,-127.401]}],"id":3397,"pointables":[{"direction":[-0.13159,-0.200647,-0.970786],"handId":3,"id":2,"length":45.4748,"tipPosition":[-9.04799,258.497,37.0024],"tipVelocity":[123.946,280.521,155.267],"tool":false},{"direction":[-0.0230671,-0.45597,-0.889696],"handId":3,"id":6,"length":52.0895,"tipPosition":[76.7636,286.78,50.3615],"tipVelocity":[37.1882,438.736,303.062],"tool":false},{"direction":[0.186007,-0.118032,-0.975433],"handId":3,"id":1,"length":36.831,"tipPosition":[93.678,222.032,83.2227],"tipVelocity":[2.64494,406.964,120.291],"tool":false}],"r":[[0.917997,-0.359519,0.167413],[0.375884,0.923359,-0.0782254],[-0.126459,0.134739,0.982779]],"s":1.69114,"t":[5.85326,69.1508,-219.734],"timestamp":33411801},
{"gestures":[{"direction":[0.241989,0.655876,0.71503],"duration":60871,"handIds":[3],"id":1,"pointableIds":[4],"position":[51.7606,287.389,31.0999],"speed":195.358,"startPosition":[8.68806,193.416,-67.2329],"state":"update","type":"swipe"},{"center":[68.3691,160.252,40.1997],"duration":628369,"handIds":[3],"id":0,"normal":[0.150697,-0.976516,0.15397],"pointableIds":[1],"progress":0.850725,"radius":31.7078,"state":"update","type":"circle"}],"hands":[{"direction":[0.116385,0.726032,-0.677741],"id":3,"palmNormal":[-0.00694672,-0.681766,-0.731537],"palmPosition":[38.5386,258.966,125.261],"palmVelocity":[-42.6797,44.384,111.807],"r":[[0.966022,-0.257994,-0.0154843],[0.248702,0.944192,-0.215983],[0.0703426,0.204794,0.976274]],"s":1.24323,"sphereCenter":[40.2849,250.228,87.3922],"sphereRadius":67.5107,"t":[70.9445,63.506,-125.598]}],"id":3399,"pointables":[{"direction":[-0.0957472,-0.202608,-0.974568],"handId":3,"id":2,"length":45.2519,"tipPosition":[-8.02438,261.331,38.3249],"tipVelocity":[101.166,280.081,130.704],"tool":false},{"direction":[0.132404,-0.107945,-0.9853],"handId":3,"id":1,"length":36.819,"tipPosition":[93.7073,226.11,84.254],"tipVelocity":[2.90124,403.094,101.929],"tool":false}],"r":[[0.917855,-0.362657,0.161311],[0.378819,0.921717,-0.0832742],[-0.118483,0.137541,0.983384]],"s":1.67941,"t":[6.34505,72.8364,-217.983],"timestamp":33421919},
{"gestures":[{"direction":[0.241989,0.655876,0.71503],"duration":60871,"handIds":[3],"id":1,"pointableIds":[4],"position":[51.7606,287.389,31.0999],"speed":195.358,"startPosition":[8.68806,193.416,-67.2329],"state":"update","type":"swipe"},{"center":[68.3691,160.252,40.1997],"duration":628369,"handIds":[3],"id":0,"normal":[0.150697,-0.976516,0.15397],"pointableIds":[1],"progress":0.850725,"radius":31.7078,"state":"update","type":"circle"}],"hands":[{"direction":[0.130436,0.724609,-0.676703],"id":3,"palmNormal":[-0.0229153,-0.680149,-0.732716],"palmPosition":[38.2176,259.657,125.323],"palmVelocity":[-31.7478,68.2579,6.10172],"r":[[0.964876,-0.261961,-0.0197722],[0.25125,0.942164,-0.221813],[0.0767351,0.209054,0.974889]],"s":1.23258,"sphereCenter":[40.3514,253.919,90.2383],"sphereRadius":67.3906,"t":[71.2361,67.1939,-124.118]}],"id":3401,"pointables":[{"direction":[-0.0591415,-0.201561,-0.977689],"handId":3,"id":2,"length":44.8908,"tipPosition":[-7.15216,264.243,39.4819],"tipVelocity":[86.2568,288.047,114.419],"tool":false},{"direction":[0.00581763,-0.464905,-0.885341],"handId":3,"id":6,"length":50.5659,"tipPosition":[76.8817,290.403,53.2392],"tipVelocity":[5.83878,179.066,142.247],"tool":false},{"direction":[0.0812247,-0.0932288,-0.992326],"handId":3,"id":1,"length":36.8392,"tipPosition":[93.7493,229.86,84.8048],"tipVelocity":[4.15017,370.83,54.4641],"tool":false}],"r":[[0.917394,-0.36621,0.155817],[0.382193,0.919852,-0.0883256],[-0.110983,0.140581,0.983829]],"s":1.66846,"t":[6.65,76.4904,-216.53],"timestamp":33432031},
{"gestures":[{"direction":[0.241989,0.655876,0.71503],"duration":60871,"handIds":[3],"id":1,"pointableIds":[4],"position":[51.7606,287.389,31.0999],"speed":195.358,"startPosition":[8.68806,193.416,-67.2329],"state":"update","type":"swipe"},{"center":[68.3691,160.252,40.1997],"duration":628369,"handIds":[3],"id":0,"normal":[0.150697,-0.976516,0.15397],"pointableIds":[1],"progress":0.850725,"radius":31.7078,"state":"update","type":"circle"}],"hands":[{"direction":[0.137908,0.738484,-0.660017],"id":3,"palmNormal":[-0.0176681,-0.664444,-0.747129],"palmPosition":[38.0126,260.395,124.819],"palmVelocity":[-20.2191,72.7958,-49.6718],"r":[[0.964069,-0.264659,-0.02294],[0.252675,0.940212,-0.228378],[0.0820107,0.214376,0.973302]],"s":1.2215,"sphereCenter":[40.392,257.366,92.3753],"sphereRadius":67.3489,"t":[71.3812,70.5178,-122.915]}],"id":3403,"pointables":[{"direction":[-0.022169,-0.209251,-0.977611],"handId":3,"id":2,"length":44.6062,"tipPosition":[-6.32245,267.394,40.4089],"tipVelocity":[81.8246,310.773,91.4223],"tool":false},{"direction":[0.00917484,-0.478807,-0.877872],"handId":3,"id":6,"length":50.0973,"tipPosition":[76.8372,293.092,55.3691],"tipVelocity":[-4.39142,265.217,210.05],"tool":false},{"direction":[0.0368556,-0.0824733,-0.995912],"handId":3,"id":1,"length":37.0193,"tipPosition":[93.7478,232.82,84.252],"tipVelocity":[-0.142201,291.897,-54.5181],"tool":false}],"r":[[0.917118,-0.368606,0.151737],[0.384663,0.91822,-0.0943748],[-0.104541,0.14492,0.983905]],"s":1.65717,"t":[6.80176,79.7973,-215.339],"timestamp":33442171},
{"gestures":[{"direction":[0.241989,0.655876,0.71503],"duration":60871,"handIds":[3],"id":1,"pointableIds":[4],"position":[51.7606,287.389,31.0999],"speed":195.358,"startPosition":[8.68806,193.416,-67.2329],"state":"update","type":"swipe"},{"center":[68.3691,160.252,40.1997],"duration":628369,"handIds":[3],"id":0,"normal":[0.150697,-0.976516,0.15397],"pointableIds":[1],"progress":0.850725,"radius":31.7078,"state":"stop","type":"circle"}],"hands":[{"direction":[0.144149,0.755241,-0.6394],"id":3,"palmNormal":[-0.0140822,-0.644518,-0.76446],"palmPosition":[37.8697,261.379,124.007],"palmVelocity":[-14.1257,97.2994,-80.2664],"r":[[0.963851,-0.265395,-0.0235814],[0.252705,0.938626,-0.234777],[0.0844428,0.220331,0.971763]],"s":1.21118,"sphereCenter":[40.4988,260.478,93.6485],"sphereRadius":67.3716,"t":[71.6897,73.6862,-122.347]}],"id":3405,"pointables":[{"direction":[0.0124821,-0.219135,-0.975615],"handId":3,"id":2,"length":44.2818,"tipPosition":[-5.55592,270.635,41.1702],"tipVelocity":[75.7742,320.362,75.2601],"tool":false},{"direction":[-0.0045287,-0.0791233,-0.996855],"handId":3,"id":1,"length":37.217,"tipPosition":[93.925,235.605,83.354],"tipVelocity":[17.518,275.333,-88.7684],"tool":false}],"r":[[0.917051,-0.369271,0.15052],[0.385792,0.917089,-0.100561],[-0.100906,0.150289,0.983479]],"s":1.64671,"t":[7.11357,82.9573,-214.778],"timestamp":33452287},
{"gestures":[{"direction":[0.241989,0.655876,0.71503],"duration":60871,"handIds":[3],"id":1,"pointableIds":[4],"position":[51.7606,287.389,31.0999],"speed":195.358,"startPosition":[8.68806,193.416,-67.2329],"state":"update","type":"swipe"}],"hands":[{"direction":[0.155161,0.767013,-0.622588],"id":3,"palmNormal":[-0.0117639,-0.628742,-0.777525],"palmPosition":[37.7067,262.168,122.746],"palmVelocity":[-16.1057,77.9031,-124.571],"r":[[0.964499,-0.263157,-0.0221279],[0.250251,0.937521,-0.241723],[0.0843564,0.227604,0.970093]],"s":1.20241,"sphereCenter":[40.5975,263.111,94.0471],"sphereRadius":67.4801,"t":[72.064,76.6839,-122.329]}],"id":3407,"pointables":[{"direction":[0.0484745,-0.232192,-0.971461],"handId":3,"id":2,"length":44.1721,"tipPosition":[-4.90901,274.156,41.565],"tipVelocity":[63.9175,347.883,39.0042],"tool":false},{"direction":[-0.0170997,-0.063091,-0.997861],"handId":3,"id":1,"length":37.4189,"tipPosition":[94.1584,237.738,81.8978],"tipVelocity":[23.0562,210.718,-143.876],"tool":false}],"r":[[0.917658,-0.367207,0.151863],[0.384676,0.916738,-0.107781],[-0.0996402,0.157324,0.982507]],"s":1.63784,"t":[7.48955,85.9507,-214.763],"timestamp":33462408},
{"gestures":[{"direction":[0.241989,0.655876,0.71503],"duration":60871,"handIds":[3],"id":1,"pointableIds":[4],"position":[51.7606,287.389,31.0999],"speed":195.358,"startPosition":[8.68806,193.416,-67.2329],"state":"update","type":"swipe"}],"hands":[{"direction":[0.161393,0.761339,-0.627946],"id":3,"palmNormal":[-0.0286875,-0.632399,-0.774111],"palmPosition":[37.6079,262.817,120.988],"palmVelocity":[-9.76797,64.2321,-173.786],"r":[[0.966188,-0.257082,-0.0197487],[0.244227,0.937049,-0.249586],[0.0826695,0.236323,0.968151]],"s":1.19601,"sphereCenter":[40.7339,264.978,92.915],"sphereRadius":67.4551,"t":[72.4655,79.7501,-122.72]}],"id":3409,"pointables":[{"direction":[0.0849903,-0.230666,-0.969314],"handId":3,"id":2,"length":44.0841,"tipPosition":[-4.28438,278.502,41.5801],"tipVelocity":[61.7471,429.645,1.49188],"tool":false},{"direction":[-0.0331272,-0.0551474,-0.997929],"handId":3,"id":1,"length":37.7467,"tipPosition":[94.3914,239.661,80.2812],"tipVelocity":[23.0292,190.13,-159.812],"tool":false}],"r":[[0.919442,-0.361511,0.154711],[0.380353,0.917462,-0.116599],[-0.0997894,0.166051,0.981055]],"s":1.63136,"t":[7.89193,89.0148,-215.156],"timestamp":33472524},
{"gestures":[{"direction":[0.241989,0.655876,0.71503],"duration":60871,"handIds":[3],"id":1,"pointableIds":[4],"position":[51.7606,287.389,31.0999],"speed":195.358,"startPosition":[8.68806,193.416,-67.2329],"state":"update","type":"swipe"}],"hands":[{"direction":[0.170898,0.773317,-0.610553],"id":3,"palmNormal":[-0.026607,-0.615821,-0.787437],"palmPosition":[37.5084,263.439,119.255],"palmVelocity":[-9.8205,61.3342,-171.116],"r":[[0.96876,-0.247481,-0.0160419],[0.235074,0.936952,-0.258574],[0.0790227,0.246725,0.965858]],"s":1.19201,"sphereCenter":[40.4784,266.678,92.5165],"sphereRadius":67.3767,"t":[72.8254,82.9027,-123.478]}],"id":3411,"pointables":[{"direction":[0.118742,-0.216852,-0.968956],"handId":3,"id":2,"length":43.8904,"tipPosition":[-3.9062,283.093,41.4617],"tipVelocity":[37.3362,453.165,-11.6885],"tool":false},{"direction":[-0.0376442,-0.0429838,-0.998366],"handId":3,"id":1,"length":38.0703,"tipPosition":[94.6495,241.549,78.15],"tipVelocity":[25.4809,186.371,-210.399],"tool":false}],"r":[[0.922139,-0.352499,0.159386],[0.373263,0.918972,-0.127139],[-0.101655,0.176733,0.978995]],"s":1.62731,"t":[8.25219,92.1663,-215.914],"timestamp":33482653},
{"gestures":[{"direction":[0.241989,0.655876,0.71503],"duration":60871,"handIds":[3],"id":1,"pointableIds":[4],"position":[51.7606,287.389,31.0999],"speed":195.358,"startPosition":[8.68806,193.416,-67.2329],"state":"update","type":"swipe"}],"hands":[{"direction":[0.175033,0.786217,-0.592643],"id":3,"palmNormal":[-0.0215115,-0.598738,-0.800656],"palmPosition":[37.3249,264.134,117.19],"palmVelocity":[-17.8685,67.7517,-201.097],"r":[[0.971749,-0.235741,-0.0113633],[0.224161,0.936938,-0.268139],[0.0738581,0.258017,0.963313]],"s":1.19003,"sphereCenter":[40.5038,269.106,92.3208],"sphereRadius":67.4726,"t":[73.1208,85.9607,-124.618]}],"id":3413,"pointables":[{"direction":[0.137534,-0.225092,-0.964582],"handId":3,"id":2,"length":43.83,"tipPosition":[-3.68963,287.209,40.8532],"tipVelocity":[21.0916,400.87,-59.2577],"tool":false},{"direction":[-0.0448264,-0.033441,-0.998435],"handId":3,"id":1,"length":38.3994,"tipPosition":[94.8949,243.36,75.7145],"tipVelocity":[23.9045,176.359,-237.194],"tool":false}],"r":[[0.925238,-0.341473,0.165323],[0.364598,0.920791,-0.138608],[-0.104898,0.188522,0.976451]],"s":1.6253,"t":[8.54783,95.2238,-217.055],"timestamp":33492921},
{"gestures":[{"direction":[0.241989,0.655876,0.71503],"duration":60871,"handIds":[3],"id":1,"pointableIds":[4],"position":[51.7606,287.389,31.0999],"speed":195.358,"startPosition":[8.68806,193.416,-67.2329],"state":"stop","type":"swipe"}],"hands":[{"direction":[0.182548,0.786492,-0.590005],"id":3,"palmNormal":[-0.0337042,-0.59473,-0.803218],"palmPosition":[37.1796,264.512,113.942],"palmVelocity":[-14.3544,37.2899,-320.853],"r":[[0.975025,-0.222018,-0.00593418],[0.21164,0.936888,-0.278297],[0.0673464,0.27009,0.960477]],"s":1.19069,"sphereCenter":[39.9997,270.038,90.1129],"sphereRadius":67.3391,"t":[73.303,88.9636,-126.304]}],"id":3415,"pointables":[{"direction":[0.145635,-0.217124,-0.965219],"handId":3,"id":2,"length":43.9711,"tipPosition":[-3.79079,291.463,39.5246],"tipVelocity":[-9.99173,420.231,-131.238],"tool":false},{"direction":[-0.0459788,-0.025153,-0.998626],"handId":3,"id":1,"length":38.6854,"tipPosition":[95.134,245.001,72.578],"tipVelocity":[23.6172,162.091,-309.812],"tool":false}],"r":[[0.928642,-0.328559,0.172257],[0.354495,0.922786,-0.150995],[-0.109346,0.201284,0.973411]],"s":1.62594,"t":[8.73013,98.2264,-218.741],"timestamp":33503045},
{"gestures":[],"hands":[{"direction":[0.184183,0.792805,-0.58098],"id":3,"palmNormal":[-0.0421823,-0.584172,-0.810533],"palmPosition":[36.9582,265.035,110.508],"palmVelocity":[-21.8644,51.6456,-339.034],"r":[[0.978361,-0.206905,-0.000313203],[0.198005,0.936715,-0.28872],[0.060031,0.28241,0.957414]],"s":1.19438,"sphereCenter":[40.055,272.315,88.1727],"sphereRadius":67.3157,"t":[73.3082,91.8032,-128.428]}],"id":3417,"pointables":[{"direction":[0.1479,-0.204482,-0.967632],"handId":3,"id":2,"length":44.0068,"tipPosition":[-4.28167,295.494,37.7043],"tipVelocity":[-48.4727,398.049,-179.747],"tool":false},{"direction":[-0.0471044,-0.0185111,-0.998718],"handId":3,"id":1,"length":39.0315,"tipPosition":[95.2816,246.323,69.2757],"tipVelocity":[14.5717,130.527,-326.09],"tool":false}],"r":[[0.932196,-0.314288,0.179539],[0.343357,0.924796,-0.163886],[-0.11453,0.21442,0.970004]],"s":1.62961,"t":[8.73545,101.066,-220.865],"timestamp":33513172},
{"gestures":[],"hands":[{"direction":[0.182993,0.796191,-0.576709],"id":3,"palmNormal":[-0.0484933,-0.57859,-0.814175],"palmPosition":[36.9023,265.742,106.235],"palmVelocity":[-5.52355,69.924,-422.232],"r":[[0.981736,-0.190164,0.00558765],[0.183072,0.936319,-0.299653],[0.0517514,0.295204,0.954032]],"s":1.20099,"sphereCenter":[39.0347,272.617,84.358],"sphereRadius":67.0684,"t":[73.1215,94.3072,-130.938]}],"id":3419,"pointables":[{"direction":[0.1444,-0.183927,-0.972275],"handId":3,"id":2,"length":44.275,"tipPosition":[-5.05537,299.229,35.6595],"tipVelocity":[-76.4529,369.035,-202.054],"tool":false},{"direction":[-0.0444367,-0.0107437,-0.998954],"handId":3,"id":1,"length":39.2649,"tipPosition":[95.2979,246.925,65.5257],"tipVelocity":[1.60975,59.4683,-370.548],"tool":false}],"r":[[0.935881,-0.298425,0.187265],[0.331045,0.926758,-0.177563],[-0.12056,0.228171,0.966128]],"s":1.63621,"t":[8.54876,103.57,-223.376],"timestamp":33523292},
{"gestures":[],"hands":[{"direction":[0.180635,0.797327,-0.575883],"id":3,"palmNormal":[-0.054672,-0.57647,-0.815288],"palmPosition":[36.7181,266.092,101.949],"palmVelocity":[-18.195,34.5763,-423.431],"r":[[0.984896,-0.172768,0.0114701],[0.16774,0.935608,-0.310646],[0.0429382,0.307878,0.950457]],"s":1.21067,"sphereCenter":[37.7064,272.65,80.0554],"sphereRadius":67.008,"t":[72.7797,96.5383,-133.577]}],"id":3421,"pointables":[{"direction":[0.136722,-0.159361,-0.977707],"handId":3,"id":2,"length":44.5565,"tipPosition":[-6.14423,302.687,33.5872],"tipVelocity":[-107.562,341.631,-204.711],"tool":false},{"direction":[-0.0406614,-0.00541283,-0.999158],"handId":3,"id":1,"length":39.7869,"tipPosition":[95.393,247.383,62.0633],"tipVelocity":[9.39936,45.2853,-342.038],"tool":false}],"r":[[0.939421,-0.281889,0.195007],[0.318331,0.928454,-0.19141],[-0.127099,0.241892,0.961943]],"s":1.64589,"t":[8.20699,105.801,-226.015],"timestamp":33533415},
{"gestures":[],"hands":[{"direction":[0.169082,0.797776,-0.578761],"id":3,"palmNormal":[-0.059444,-0.577893,-0.813945],"palmPosition":[36.5665,266.479,97.3722],"palmVelocity":[-14.9353,38.0613,-450.867],"r":[[0.987789,-0.154775,0.0178133],[0.152222,0.934445,-0.321934],[0.0331817,0.320714,0.946595]],"s":1.22331,"sphereCenter":[36.0749,274.74,76.3719],"sphereRadius":65.9765,"t":[72.3238,98.5815,-136.425]}],"id":3423,"pointables":[{"direction":[0.125664,-0.130137,-0.9835],"handId":3,"id":2,"length":45.0091,"tipPosition":[-7.47442,306.136,31.4016],"tipVelocity":[-131.04,339.788,-215.309],"tool":false},{"direction":[-0.0355184,-0.00297708,-0.999365],"handId":3,"id":1,"length":40.3251,"tipPosition":[95.5829,247.644,58.1347],"tipVelocity":[18.7056,25.7389,-387.01],"tool":false}],"r":[[0.94266,-0.264759,0.203212],[0.305457,0.929739,-0.205625],[-0.134493,0.255907,0.9573]],"s":1.65851,"t":[7.75103,107.844,-228.863],"timestamp":33543566},
{"gestures":[],"hands":[{"direction":[0.160009,0.804953,-0.571356],"id":3,"palmNormal":[-0.049333,-0.571569,-0.81907],"palmPosition":[36.3251,266.563,92.5694],"palmVelocity":[-23.8727,8.32667,-475.093],"r":[[0.990324,-0.136707,0.0238869],[0.136818,0.932936,-0.333034],[0.0232431,0.33308,0.942612]],"s":1.23887,"sphereCenter":[34.0744,276.794,72.6442],"sphereRadius":64.8782,"t":[71.7847,100.475,-139.335]}],"id":3425,"pointables":[{"direction":[0.111819,-0.097238,-0.98896],"handId":3,"id":2,"length":45.5993,"tipPosition":[-8.97564,309.512,29.0602],"tipVelocity":[-148.503,333.957,-231.617],"tool":false},{"direction":[-0.0241466,0.00335284,-0.999703],"handId":3,"id":1,"length":40.7182,"tipPosition":[95.8398,247.757,54.5331],"tipVelocity":[25.41,11.1305,-356.275],"tool":false}],"r":[[0.945611,-0.247499,0.211103],[0.292624,0.930654,-0.219667],[-0.142096,0.269493,0.952461]],"s":1.67407,"t":[7.21196,109.738,-231.773],"timestamp":33553675},
{"gestures":[],"hands":[{"direction":[0.150526,0.808162,-0.5694],"id":3,"palmNormal":[-0.0440989,-0.5699,-0.82053],"palmPosition":[35.7538,265.991,89.5327],"palmVelocity":[-56.4728,-56.5238,-300.162],"r":[[0.992485,-0.118678,0.0298168],[0.121667,0.931057,-0.343992],[0.0130632,0.345035,0.938499]],"s":1.25657,"sphereCenter":[32.6682,275.39,70.3315],"sphereRadius":66.1123,"t":[71.137,102.146,-142.256]}],"id":3427,"pointables":[{"direction":[0.0947978,-0.060683,-0.993645],"handId":3,"id":2,"length":46.1457,"tipPosition":[-10.6427,312.607,26.8166],"tipVelocity":[-164.776,305.9,-221.766],"tool":false},{"direction":[-0.0156691,0.00301181,-0.999873],"handId":3,"id":1,"length":41.1664,"tipPosition":[95.9942,247.557,50.912],"tipVelocity":[15.2605,-19.7268,-357.926],"tool":false}],"r":[[0.948223,-0.230228,0.218786],[0.279974,0.931164,-0.233553],[-0.149955,0.282715,0.94741]],"s":1.69177,"t":[6.56426,111.408,-234.694],"timestamp":33563792},
{"gestures":[],"hands":[{"direction":[0.146833,0.801824,-0.57924],"id":3,"palmNormal":[-0.0563537,-0.577855,-0.814192],"palmPosition":[34.9342,264.875,85.2407],"palmVelocity":[-80.7819,-109.983,-423.027],"r":[[0.994214,-0.101345,0.0355967],[0.107377,0.928851,-0.354551],[0.00286811,0.356322,0.934359]],"s":1.27565,"sphereCenter":[31.0519,273.888,67.0925],"sphereRadius":67.1798,"t":[70.3702,103.531,-145.11]}],"id":3429,"pointables":[{"direction":[0.0755495,-0.0274214,-0.996765],"handId":3,"id":2,"length":46.8251,"tipPosition":[-12.5007,315.188,24.6536],"tipVelocity":[-183.128,254.39,-213.189],"tool":false},{"direction":[-0.00261266,0.00894596,-0.999957],"handId":3,"id":1,"length":41.5834,"tipPosition":[96.0805,247.175,47.5033],"tipVelocity":[8.51001,-37.6849,-335.968],"tool":false}],"r":[[0.950378,-0.21359,0.226187],[0.268049,0.931229,-0.246906],[-0.157895,0.295283,0.942272]],"s":1.71084,"t":[5.79749,112.793,-237.547],"timestamp":33573938},
{"gestures":[],"hands":[{"direction":[0.1449,0.797049,-0.586274],"id":3,"palmNormal":[-0.0639361,-0.583746,-0.809415],"palmPosition":[34.1323,264.076,80.477],"palmVelocity":[-79.0261,-78.7735,-469.463],"r":[[0.995551,-0.0850345,0.0405779],[0.0939873,0.926534,-0.364282],[-0.00662026,0.366475,0.930404]],"s":1.2957,"sphereCenter":[29.3567,273.31,64.2677],"sphereRadius":67.8393,"t":[69.4518,104.758,-147.749]}],"id":3431,"pointables":[{"direction":[0.0551298,0.0134014,-0.998389],"handId":3,"id":2,"length":47.3903,"tipPosition":[-14.5369,317.694,22.5697],"tipVelocity":[-200.669,246.987,-205.367],"tool":false},{"direction":[0.00749736,0.00977316,-0.999924],"handId":3,"id":1,"length":41.9682,"tipPosition":[95.9763,246.809,44.7363],"tipVelocity":[-10.2683,-36.076,-272.685],"tool":false}],"r":[[0.952218,-0.197872,0.232652],[0.256818,0.931031,-0.25928],[-0.165301,0.306641,0.937362]],"s":1.73089,"t":[4.87901,114.021,-240.187],"timestamp":33584085},
{"gestures":[],"hands":[{"direction":[0.1401,0.796096,-0.58873],"id":3,"palmNormal":[-0.0586222,-0.586882,-0.807548],"palmPosition":[33.348,263.429,75.2581],"palmVelocity":[-77.6093,-64.0459,-516.419],"r":[[0.996545,-0.0692463,0.0458629],[0.0814059,0.923878,-0.373928],[-0.0164786,0.376369,0.926323]],"s":1.31555,"sphereCenter":[27.7349,272.398,60.9985],"sphereRadius":68.3936,"t":[68.3612,105.64,-150.387]}],"id":3433,"pointables":[{"direction":[0.0342569,0.0535756,-0.997976],"handId":3,"id":2,"length":47.7474,"tipPosition":[-16.6688,319.607,20.7321],"tipVelocity":[-210.959,189.255,-181.83],"tool":false},{"direction":[0.0164458,0.00988407,-0.999816],"handId":3,"id":1,"length":42.4073,"tipPosition":[95.5829,245.968,41.3029],"tipVelocity":[-38.9286,-83.2069,-339.743],"tool":false}],"r":[[0.953609,-0.182653,0.239306],[0.246325,0.9304,-0.271439],[-0.173071,0.317794,0.932231]],"s":1.75074,"t":[3.78843,114.903,-242.824],"timestamp":33594191},
