[
{"hands":[],"id":50964,"pointables":[],"r":[[0.34437,-0.0675868,0.936398],[0.937324,-0.0317905,-0.347005],[0.0532216,0.997207,0.052403]],"s":-3.62018,"t":[177.571,-708.27,121.535],"timestamp":244152131},
{"hands":[],"id":50966,"pointables":[],"r":[[0.34437,-0.0675868,0.936398],[0.937324,-0.0317905,-0.347005],[0.0532216,0.997207,0.052403]],"s":-3.62018,"t":[177.571,-708.27,121.535],"timestamp":244161867},
{"hands":[],"id":50968,"pointables":[],"r":[[0.34437,-0.0675868,0.936398],[0.937324,-0.0317905,-0.347005],[0.0532216,0.997207,0.052403]],"s":-3.62018,"t":[177.571,-708.27,121.535],"timestamp":244171220},
{"hands":[],"id":50970,"pointables":[],"r":[[0.34437,-0.0675868,0.936398],[0.937324,-0.0317905,-0.347005],[0.0532216,0.997207,0.052403]],"s":-3.62018,"t":[177.571,-708.27,121.535],"timestamp":244180131},
{"hands":[],"id":50972,"pointables":[],"r":[[0.34437,-0.0675868,0.936398],[0.937324,-0.0317905,-0.347005],[0.0532216,0.997207,0.052403]],"s":-3.62018,"t":[177.571,-708.27,121.535],"timestamp":244189535},
{"hands":[],"id":50974,"pointables":[],"r":[[0.34437,-0.0675868,0.936398],[0.937324,-0.0317905,-0.347005],[0.0532216,0.997207,0.052403]],"s":-3.62018,"t":[177.571,-708.27,121.535],"timestamp":244198889},
{"hands":[],"id":50976,"pointables":[],"r":[[0.34437,-0.0675868,0.936398],[0.937324,-0.0317905,-0.347005],[0.0532216,0.997207,0.052403]],"s":-3.62018,"t":[177.571,-708.27,121.535],"timestamp":244208211},
{"hands":[],"id":50978,"pointables":[],"r":[[0.34437,-0.0675868,0.936398],[0.937324,-0.0317905,-0.347005],[0.0532216,0.997207,0.052403]],"s":-3.62018,"t":[177.571,-708.27,121.535],"timestamp":244217505},
{"hands":[],"id":50980,"pointables":[],"r":[[0.34437,-0.0675868,0.936398],[0.937324,-0.0317905,-0.347005],[0.0532216,0.997207,0.052403]],"s":-3.62018,"t":[177.571,-708.27,121.535],"timestamp":244226860},
{"hands":[],"id":50982,"pointables":[],"r":[[0.34437,-0.0675868,0.936398],[0.937324,-0.0317905,-0.347005],[0.0532216,0.997207,0.052403]],"s":-3.62018,"t":[177.571,-708.27,121.535],"timestamp":244236260},
{"hands":[],"id":50984,"pointables":[],"r":[[0.34437,-0.0675868,0.936398],[0.937324,-0.0317905,-0.347005],[0.0532216,0.997207,0.052403]],"s":-3.62018,"t":[177.571,-708.27,121.535],"timestamp":244245642},
{"hands":[],"id":50986,"pointables":[],"r":[[0.34437,-0.0675868,0.936398],[0.937324,-0.0317905,-0.347005],[0.0532216,0.997207,0.052403]],"s":-3.62018,"t":[177.571,-708.27,121.535],"timestamp":244254883},
{"hands":[{"direction":[0.981409,0.182898,-0.058172],"id":5,"palmNormal":[-0.126973,0.846015,0.517818],"palmPosition":[-23.9018,200.251,240.799],"palmVelocity":[-5.09727,26.8149,-38.7284],"r":[[1,0,0],[0,1,0],[0,0,1]],"s":1,"sphereCenter":[-25.1758,191.819,245.288],"sphereRadius":57.3345,"t":[0,0,0]}],"id":50988,"pointables":[],"r":[[0.34437,-0.0675868,0.936398],[0.937324,-0.0317905,-0.347005],[0.0532216,0.997207,0.052403]],"s":-3.62018,"t":[177.561,-708.219,121.462],"timestamp":244264303},
{"hands":[{"direction":[0.982906,0.170538,-0.0693721],"id":5,"palmNormal":[-0.114664,0.86184,0.494049],"palmPosition":[-23.8464,201.314,240.811],"palmVelocity":[5.91787,113.571,1.20017],"r":[[1,0,0],[0,1,0],[0,0,1]],"s":1,"sphereCenter":[-26.2802,197.047,247.063],"sphereRadius":58.2459,"t":[0.0110771,0.212582,0.00224648]}],"id":50990,"pointables":[],"r":[[0.34437,-0.0675868,0.936398],[0.937324,-0.0317905,-0.347005],[0.0532216,0.997207,0.052403]],"s":-3.62018,"t":[177.565,-707.966,121.406],"timestamp":244273662},
{"hands":[{"direction":[0.984465,0.163658,-0.0635972],"id":5,"palmNormal":[-0.106821,0.84573,0.52281],"palmPosition":[-23.383,201.556,239.601],"palmVelocity":[49.5999,25.9265,-129.497],"r":[[1,0,0],[0,1,0],[0,0,1]],"s":1,"sphereCenter":[-27.6202,207.456,253.013],"sphereRadius":63.4633,"t":[0.112621,0.431094,-0.237935]}],"id":50992,"pointables":[],"r":[[0.34437,-0.0675868,0.936398],[0.937324,-0.0317905,-0.347005],[0.0532216,0.997207,0.052403]],"s":-3.62018,"t":[177.66,-707.715,121.119],"timestamp":244283005},
{"hands":[{"direction":[0.983805,0.173138,-0.0463807],"id":5,"palmNormal":[-0.120297,0.829608,0.545234],"palmPosition":[-22.4837,201.754,237.625],"palmVelocity":[97.2246,21.3916,-213.586],"r":[[1,0,0],[0,1,0],[0,0,1]],"s":1,"sphereCenter":[-26.9677,207.175,249.946],"sphereRadius":62.1547,"t":[0.373722,0.645479,-0.825215]}],"id":50994,"pointables":[],"r":[[0.34437,-0.0675868,0.936398],[0.937324,-0.0317905,-0.347005],[0.0532216,0.997207,0.052403]],"s":-3.62018,"t":[177.916,-707.475,120.494],"timestamp":244292255},
{"hands":[{"direction":[0.98379,0.172575,-0.0487324],"id":5,"palmNormal":[-0.122054,0.843496,0.523084],"palmPosition":[-21.8874,201.961,235.544],"palmVelocity":[63.5381,22.0467,-221.746],"r":[[1,0,0],[0,1,0],[0,0,1]],"s":1,"sphereCenter":[-28.72,218.317,256.128],"sphereRadius":69.4148,"t":[0.701851,0.858363,-1.71121]}],"id":50996,"pointables":[],"r":[[0.34437,-0.0675868,0.936398],[0.937324,-0.0317905,-0.347005],[0.0532216,0.997207,0.052403]],"s":-3.62018,"t":[178.241,-707.242,119.578],"timestamp":244301639},
{"hands":[{"direction":[0.982826,0.1787,-0.0460402],"id":5,"palmNormal":[-0.131915,0.85482,0.501878],"palmPosition":[-21.2754,202.172,233.598],"palmVelocity":[65.3198,22.4576,-207.707],"r":[[1,0,0],[0,1,0],[0,0,1]],"s":1,"sphereCenter":[-30.4635,226.589,258.801],"sphereRadius":73.9854,"t":[1.08675,1.07075,-2.80921]}],"id":50998,"pointables":[],"r":[[0.34437,-0.0675868,0.936398],[0.937324,-0.0317905,-0.347005],[0.0532216,0.997207,0.052403]],"s":-3.62018,"t":[178.622,-707.013,118.456],"timestamp":244311008},
{"hands":[{"direction":[0.98258,0.179781,-0.0470755],"id":5,"palmNormal":[-0.133476,0.858952,0.494354],"palmPosition":[-20.9915,202.121,231.86],"palmVelocity":[30.3049,-5.40724,-185.545],"r":[[1,0,0],[0,1,0],[0,0,1]],"s":1,"sphereCenter":[-32.2597,232.644,260.855],"sphereRadius":77.9197,"t":[1.45145,1.23053,-4.03525]}],"id":51000,"pointables":[],"r":[[0.34437,-0.0675868,0.936398],[0.937324,-0.0317905,-0.347005],[0.0532216,0.997207,0.052403]],"s":-3.62018,"t":[178.985,-706.84,117.211],"timestamp":244320376},
{"hands":[{"direction":[0.98305,0.171034,-0.0660264],"id":5,"palmNormal":[-0.125088,0.889009,0.440472],"palmPosition":[-21.9697,201.932,231.232],"palmVelocity":[-105.624,-20.4084,-67.7958],"r":[[1,0,0],[0,1,0],[0,0,1]],"s":1,"sphereCenter":[-33.8066,237.231,261.268],"sphereRadius":81.2314,"t":[1.54757,1.32056,-5.14165]}],"id":51002,"pointables":[],"r":[[0.34437,-0.0675868,0.936398],[0.937324,-0.0317905,-0.347005],[0.0532216,0.997207,0.052403]],"s":-3.62018,"t":[179.079,-706.739,116.089],"timestamp":244329637},
{"hands":[{"direction":[0.981244,0.182134,-0.0631405],"id":5,"palmNormal":[-0.138567,0.894143,0.425803],"palmPosition":[-22.4872,201.676,230.319],"palmVelocity":[-55.2054,-27.2786,-97.4286],"r":[[1,0,0],[0,1,0],[0,0,1]],"s":1,"sphereCenter":[-35.5612,239.454,259.623],"sphereRadius":82.6086,"t":[1.52097,1.34143,-6.20943]}],"id":51004,"pointables":[],"r":[[0.34437,-0.0675868,0.936398],[0.937324,-0.0317905,-0.347005],[0.0532216,0.997207,0.052403]],"s":-3.62018,"t":[179.05,-706.71,115.009],"timestamp":244339011},
{"hands":[{"direction":[0.980523,0.187405,-0.0587737],"id":5,"palmNormal":[-0.142714,0.885419,0.442341],"palmPosition":[-22.3775,200.586,227.017],"palmVelocity":[11.7055,-116.314,-352.253],"r":[[1,0,0],[0,1,0],[0,0,1]],"s":1,"sphereCenter":[-35.3799,231.718,251.691],"sphereRadius":79.1115,"t":[1.52163,1.14009,-7.72398]}],"id":51006,"pointables":[],"r":[[0.34437,-0.0675868,0.936398],[0.937324,-0.0317905,-0.347005],[0.0532216,0.997207,0.052403]],"s":-3.62018,"t":[179.05,-706.904,113.485],"timestamp":244348384},
{"hands":[{"direction":[0.980245,0.189549,-0.0564967],"id":5,"palmNormal":[-0.145299,0.883902,0.444528],"palmPosition":[-22.1005,199.837,223.891],"palmVelocity":[29.58,-79.9672,-333.81],"r":[[1,0,0],[0,1,0],[0,0,1]],"s":1,"sphereCenter":[-35.449,233.698,250.476],"sphereRadius":80.143,"t":[1.57757,0.82924,-9.56086]}],"id":51008,"pointables":[],"r":[[0.34437,-0.0675868,0.936398],[0.937324,-0.0317905,-0.347005],[0.0532216,0.997207,0.052403]],"s":-3.62018,"t":[179.105,-707.21,111.64],"timestamp":244357749},
{"hands":[{"direction":[0.981635,0.179722,-0.0639758],"id":5,"palmNormal":[-0.134374,0.889448,0.436836],"palmPosition":[-22.0116,199.201,220.11],"palmVelocity":[9.59632,-68.6993,-408.27],"r":[[1,0,0],[0,1,0],[0,0,1]],"s":1,"sphereCenter":[-35.172,235.855,249.433],"sphereRadius":81.4715,"t":[1.64008,0.453327,-11.7865]}],"id":51010,"pointables":[],"r":[[0.34437,-0.0675868,0.936398],[0.937324,-0.0317905,-0.347005],[0.0532216,0.997207,0.052403]],"s":-3.62018,"t":[179.166,-707.581,109.409],"timestamp":244367009},
{"hands":[{"direction":[0.981604,0.180232,-0.0630044],"id":5,"palmNormal":[-0.13446,0.886847,0.442067],"palmPosition":[-21.3364,198.731,215.658],"palmVelocity":[71.8822,-50.0712,-473.966],"r":[[1,0,0],[0,1,0],[0,0,1]],"s":1,"sphereCenter":[-35.2953,238.832,247.639],"sphereRadius":83.2707,"t":[1.82515,0.0585237,-14.4574]}],"id":51012,"pointables":[],"r":[[0.34437,-0.0675868,0.936398],[0.937324,-0.0317905,-0.347005],[0.0532216,0.997207,0.052403]],"s":-3.62018,"t":[179.351,-707.972,106.733],"timestamp":244376403},
{"hands":[{"direction":[0.980899,0.185534,-0.0584295],"id":5,"palmNormal":[-0.139091,0.878995,0.456094],"palmPosition":[-20.7545,198.303,211.963],"palmVelocity":[62.3724,-45.8114,-396.104],"r":[[1,0,0],[0,1,0],[0,0,1]],"s":1,"sphereCenter":[-35.1635,238.778,244.083],"sphereRadius":83.0131,"t":[2.08957,-0.342785,-17.3332]}],"id":51014,"pointables":[],"r":[[0.34437,-0.0675868,0.936398],[0.937324,-0.0317905,-0.347005],[0.0532216,0.997207,0.052403]],"s":-3.62018,"t":[179.615,-708.371,103.853],"timestamp":244385731},
{"hands":[{"direction":[0.981026,0.184119,-0.060727],"id":5,"palmNormal":[-0.138192,0.88377,0.44705],"palmPosition":[-20.3423,197.759,207.502],"palmVelocity":[44.0674,-58.2147,-476.841],"r":[[1,0,0],[0,1,0],[0,0,1]],"s":1,"sphereCenter":[-34.9316,237.432,239.679],"sphereRadius":82.0431,"t":[2.38356,-0.772763,-20.5261]}],"id":51016,"pointables":[],"r":[[0.34437,-0.0675868,0.936398],[0.937324,-0.0317905,-0.347005],[0.0532216,0.997207,0.052403]],"s":-3.62018,"t":[179.908,-708.799,100.657],"timestamp":244395087},
{"hands":[{"direction":[0.980539,0.186827,-0.0603273],"id":5,"palmNormal":[-0.141389,0.885186,0.443231],"palmPosition":[-20.0023,197.348,204.549],"palmVelocity":[36.5555,-44.113,-317.495],"r":[[1,0,0],[0,1,0],[0,0,1]],"s":1,"sphereCenter":[-34.7051,237.082,236.396],"sphereRadius":82.0266,"t":[2.68675,-1.1988,-23.6709]}],"id":51018,"pointables":[],"r":[[0.34437,-0.0675868,0.936398],[0.937324,-0.0317905,-0.347005],[0.0532216,0.997207,0.052403]],"s":-3.62018,"t":[180.211,-709.223,97.5093],"timestamp":244404387},
{"hands":[{"direction":[0.979781,0.191492,-0.0579635],"id":5,"palmNormal":[-0.146247,0.883181,0.44565],"palmPosition":[-19.4648,196.602,199.455],"palmVelocity":[57.3619,-79.6465,-543.571],"r":[[1,0,0],[0,1,0],[0,0,1]],"s":1,"sphereCenter":[-33.9634,232.561,229.481],"sphereRadius":79.4417,"t":[3.0368,-1.6889,-27.2055]}],"id":51020,"pointables":[],"r":[[0.34437,-0.0675868,0.936398],[0.937324,-0.0317905,-0.347005],[0.0532216,0.997207,0.052403]],"s":-3.62018,"t":[180.561,-709.712,93.9726],"timestamp":244413758},
{"hands":[{"direction":[0.979197,0.194553,-0.0576368],"id":5,"palmNormal":[-0.149431,0.883574,0.44381],"palmPosition":[-19.1288,195.803,195.166],"palmVelocity":[35.8323,-85.2276,-457.38],"r":[[1,0,0],[0,1,0],[0,0,1]],"s":1,"sphereCenter":[-32.7954,231.644,225.709],"sphereRadius":78.8036,"t":[3.38405,-2.24081,-30.891]}],"id":51022,"pointables":[],"r":[[0.34437,-0.0675868,0.936398],[0.937324,-0.0317905,-0.347005],[0.0532216,0.997207,0.052403]],"s":-3.62018,"t":[180.908,-710.262,90.2855],"timestamp":244423135},
{"hands":[{"direction":[0.978039,0.200701,-0.0562105],"id":5,"palmNormal":[-0.156477,0.885217,0.438071],"palmPosition":[-18.8565,194.989,190.922],"palmVelocity":[29.0682,-86.8525,-453.16],"r":[[1,0,0],[0,1,0],[0,0,1]],"s":1,"sphereCenter":[-32.7363,231.767,222.026],"sphereRadius":78.9259,"t":[3.71629,-2.84504,-34.6882]}],"id":51024,"pointables":[],"r":[[0.34437,-0.0675868,0.936398],[0.937324,-0.0317905,-0.347005],[0.0532216,0.997207,0.052403]],"s":-3.62018,"t":[181.24,-710.866,86.4869],"timestamp":244432501},
{"hands":[{"direction":[0.976915,0.206108,-0.0561884],"id":5,"palmNormal":[-0.161745,0.885428,0.435724],"palmPosition":[-18.914,193.746,186.645],"palmVelocity":[-6.24605,-135.128,-464.793],"r":[[1,0,0],[0,1,0],[0,0,1]],"s":1,"sphereCenter":[-31.4108,226.459,215.047],"sphereRadius":76.4944,"t":[3.9706,-3.57713,-38.5815]}],"id":51026,"pointables":[],"r":[[0.34437,-0.0675868,0.936398],[0.937324,-0.0317905,-0.347005],[0.0532216,0.997207,0.052403]],"s":-3.62018,"t":[181.494,-711.597,82.5926],"timestamp":244441704},
{"hands":[{"direction":[0.976413,0.208033,-0.0577961],"id":5,"palmNormal":[-0.163509,0.887266,0.431304],"palmPosition":[-18.6913,192.541,181.938],"palmVelocity":[23.6118,-127.732,-499.165],"r":[[1,0,0],[0,1,0],[0,0,1]],"s":1,"sphereCenter":[-30.2681,224.387,210.239],"sphereRadius":75.2281,"t":[4.21857,-4.40371,-42.6376]}],"id":51028,"pointables":[],"r":[[0.34437,-0.0675868,0.936398],[0.937324,-0.0317905,-0.347005],[0.0532216,0.997207,0.052403]],"s":-3.62018,"t":[181.742,-712.423,78.5357],"timestamp":244451134},
{"hands":[{"direction":[0.975382,0.211532,-0.0623266],"id":5,"palmNormal":[-0.16697,0.893029,0.417876],"palmPosition":[-19.1793,190.81,178.392],"palmVelocity":[-52.0322,-184.624,-378.121],"r":[[1,0,0],[0,1,0],[0,0,1]],"s":1,"sphereCenter":[-29.2037,221.189,204.86],"sphereRadius":73.6658,"t":[4.31935,-5.41126,-46.5916]}],"id":51030,"pointables":[],"r":[[0.34437,-0.0675868,0.936398],[0.937324,-0.0317905,-0.347005],[0.0532216,0.997207,0.052403]],"s":-3.62018,"t":[181.843,-713.43,74.581],"timestamp":244460512},
{"hands":[{"direction":[0.973896,0.216229,-0.0690718],"id":5,"palmNormal":[-0.170503,0.897718,0.406241],"palmPosition":[-19.9205,188.945,175.985],"palmVelocity":[-78.7354,-198.074,-255.594],"r":[[1,0,0],[0,1,0],[0,0,1]],"s":1,"sphereCenter":[-28.5328,218.547,199.728],"sphereRadius":72.5388,"t":[4.25174,-6.59023,-50.2361]}],"id":51032,"pointables":[],"r":[[0.34437,-0.0675868,0.936398],[0.937324,-0.0317905,-0.347005],[0.0532216,0.997207,0.052403]],"s":-3.62018,"t":[181.775,-714.609,70.936],"timestamp":244469926},
{"hands":[{"direction":[0.973382,0.216693,-0.0746462],"id":5,"palmNormal":[-0.169938,0.900919,0.399332],"palmPosition":[-19.9449,187.397,171.972],"palmVelocity":[-2.65606,-168.523,-436.835],"r":[[1,0,0],[0,1,0],[0,0,1]],"s":1,"sphereCenter":[-27.8011,215.848,194.801],"sphereRadius":71.5568,"t":[4.19277,-7.84308,-53.9544]}],"id":51034,"pointables":[],"r":[[0.34437,-0.0675868,0.936398],[0.937324,-0.0317905,-0.347005],[0.0532216,0.997207,0.052403]],"s":-3.62018,"t":[181.716,-715.861,67.2172],"timestamp":244479114},
{"hands":[{"direction":[0.97228,0.217818,-0.0850072],"id":5,"palmNormal":[-0.168972,0.905844,0.388453],"palmPosition":[-20.7771,185.355,169.92],"palmVelocity":[-88.209,-216.425,-217.52],"r":[[1,0,0],[0,1,0],[0,0,1]],"s":1,"sphereCenter":[-27.5991,215.43,191.044],"sphereRadius":71.5858,"t":[3.97916,-9.25372,-57.3395]}],"id":51036,"pointables":[],"r":[[0.34437,-0.0675868,0.936398],[0.937324,-0.0317905,-0.347005],[0.0532216,0.997207,0.052403]],"s":-3.62018,"t":[181.502,-717.272,63.8318],"timestamp":244488548},
{"hands":[{"direction":[0.970992,0.219935,-0.0938224],"id":5,"palmNormal":[-0.169908,0.910719,0.376459],"palmPosition":[-21.3108,183.033,166.52],"palmVelocity":[-57.3087,-249.28,-365.035],"r":[[1,0,0],[0,1,0],[0,0,1]],"s":1,"sphereCenter":[-27.0717,212.47,185.995],"sphereRadius":70.5995,"t":[3.70153,-10.8465,-60.7274]}],"id":51038,"pointables":[],"r":[[0.34437,-0.0675868,0.936398],[0.937324,-0.0317905,-0.347005],[0.0532216,0.997207,0.052403]],"s":-3.62018,"t":[181.225,-718.864,60.4436],"timestamp":244497861},
{"hands":[{"direction":[0.969356,0.221636,-0.105952],"id":5,"palmNormal":[-0.169143,0.914942,0.366432],"palmPosition":[-22.6674,180.241,164.911],"palmVelocity":[-144.381,-297.174,-171.259],"r":[[1,0,0],[0,1,0],[0,0,1]],"s":1,"sphereCenter":[-26.5816,211.372,181.998],"sphereRadius":70.2564,"t":[3.2081,-12.6792,-63.7596]}],"id":51040,"pointables":[],"r":[[0.34437,-0.0675868,0.936398],[0.937324,-0.0317905,-0.347005],[0.0532216,0.997207,0.052403]],"s":-3.62018,"t":[180.731,-720.697,57.4112],"timestamp":244507257},
{"hands":[{"direction":[0.967634,0.22324,-0.11768],"id":5,"palmNormal":[-0.16825,0.918252,0.358478],"palmPosition":[-23.6754,177.736,162.884],"palmVelocity":[-108.944,-270.763,-219.063],"r":[[1,0,0],[0,1,0],[0,0,1]],"s":1,"sphereCenter":[-26.0809,208.755,177.325],"sphereRadius":69.5869,"t":[2.61175,-14.6465,-66.5908]}],"id":51042,"pointables":[],"r":[[0.34437,-0.0675868,0.936398],[0.937324,-0.0317905,-0.347005],[0.0532216,0.997207,0.052403]],"s":-3.62018,"t":[180.135,-722.664,54.5799],"timestamp":244516510},
{"hands":[{"direction":[0.966245,0.222152,-0.130456],"id":5,"palmNormal":[-0.164898,0.922369,0.349348],"palmPosition":[-24.3944,175.314,160.009],"palmVelocity":[-76.7048,-258.335,-306.769],"r":[[1,0,0],[0,1,0],[0,0,1]],"s":1,"sphereCenter":[-25.4952,207.265,173.212],"sphereRadius":69.205,"t":[1.99088,-16.7045,-69.4308]}],"id":51044,"pointables":[],"r":[[0.34437,-0.0675868,0.936398],[0.937324,-0.0317905,-0.347005],[0.0532216,0.997207,0.052403]],"s":-3.62018,"t":[179.514,-724.722,51.7397],"timestamp":244525883},
{"hands":[{"direction":[0.964934,0.218917,-0.144836],"id":5,"palmNormal":[-0.159207,0.926794,0.340155],"palmPosition":[-24.6452,173.217,156.698],"palmVelocity":[-26.7451,-223.733,-353.047],"r":[[1,0,0],[0,1,0],[0,0,1]],"s":1,"sphereCenter":[-24.7313,205.894,169.24],"sphereRadius":68.8602,"t":[1.44402,-18.7706,-72.3649]}],"id":51046,"pointables":[],"r":[[0.34437,-0.0675868,0.936398],[0.937324,-0.0317905,-0.347005],[0.0532216,0.997207,0.052403]],"s":-3.62018,"t":[178.967,-726.788,48.8055],"timestamp":244535260},
{"hands":[{"direction":[0.963217,0.21699,-0.15852],"id":5,"palmNormal":[-0.155216,0.930789,0.330968],"palmPosition":[-24.7235,170.86,153.15],"palmVelocity":[-8.36364,-251.6,-378.825],"r":[[1,0,0],[0,1,0],[0,0,1]],"s":1,"sphereCenter":[-24.2416,203.422,164.904],"sphereRadius":68.323,"t":[0.990871,-20.8947,-75.4217]}],"id":51048,"pointables":[],"r":[[0.34437,-0.0675868,0.936398],[0.937324,-0.0317905,-0.347005],[0.0532216,0.997207,0.052403]],"s":-3.62018,"t":[178.514,-728.912,45.7486],"timestamp":244544625},
{"hands":[{"direction":[0.961523,0.213806,-0.17251],"id":5,"palmNormal":[-0.149431,0.933957,0.324646],"palmPosition":[-24.7998,168.98,150.584],"palmVelocity":[-8.23536,-203,-277.011],"r":[[1,0,0],[0,1,0],[0,0,1]],"s":1,"sphereCenter":[-23.7488,202.607,161.651],"sphereRadius":68.4365,"t":[0.613094,-22.97,-78.3804]}],"id":51050,"pointables":[],"r":[[0.34437,-0.0675868,0.936398],[0.937324,-0.0317905,-0.347005],[0.0532216,0.997207,0.052403]],"s":-3.62018,"t":[178.136,-730.987,42.7899],"timestamp":244553888},
{"hands":[{"direction":[0.959659,0.210081,-0.18687],"id":5,"palmNormal":[-0.143652,0.937676,0.316429],"palmPosition":[-24.6884,167.201,147.763],"palmVelocity":[11.8844,-189.726,-300.934],"r":[[1,0,0],[0,1,0],[0,0,1]],"s":1,"sphereCenter":[-23.3623,200.833,158.254],"sphereRadius":68.2498,"t":[0.333154,-24.986,-81.3115]}],"id":51052,"pointables":[],"r":[[0.34437,-0.0675868,0.936398],[0.937324,-0.0317905,-0.347005],[0.0532216,0.997207,0.052403]],"s":-3.62018,"t":[177.856,-733.003,39.8587],"timestamp":244563262},
{"hands":[{"direction":[0.958037,0.206681,-0.198616],"id":5,"palmNormal":[-0.138063,0.939945,0.312158],"palmPosition":[-25.0321,164.315,145.174],"palmVelocity":[-36.6886,-308.11,-276.4],"r":[[1,0,0],[0,1,0],[0,0,1]],"s":1,"sphereCenter":[-22.4738,198.269,154.001],"sphereRadius":67.4959,"t":[0.040462,-27.176,-84.1742]}],"id":51054,"pointables":[],"r":[[0.34437,-0.0675868,0.936398],[0.937324,-0.0317905,-0.347005],[0.0532216,0.997207,0.052403]],"s":-3.62018,"t":[177.563,-735.193,36.9959],"timestamp":244572630},
{"hands":[{"direction":[0.956061,0.201501,-0.212941],"id":5,"palmNormal":[-0.131969,0.9444,0.301152],"palmPosition":[-24.7861,162.481,142.253],"palmVelocity":[26.2434,-195.67,-311.63],"r":[[1,0,0],[0,1,0],[0,0,1]],"s":1,"sphereCenter":[-22.3513,196.396,150.597],"sphereRadius":67.403,"t":[-0.144491,-29.2949,-87.0487]}],"id":51056,"pointables":[],"r":[[0.34437,-0.0675868,0.936398],[0.937324,-0.0317905,-0.347005],[0.0532216,0.997207,0.052403]],"s":-3.62018,"t":[177.379,-737.312,34.1214],"timestamp":244582004},
{"hands":[{"direction":[0.954048,0.194818,-0.227682],"id":5,"palmNormal":[-0.124416,0.948758,0.290479],"palmPosition":[-24.4329,160.61,139.076],"palmVelocity":[38.1853,-202.291,-343.51],"r":[[1,0,0],[0,1,0],[0,0,1]],"s":1,"sphereCenter":[-22.2042,195.993,147.733],"sphereRadius":67.9746,"t":[-0.221817,-31.3642,-89.9836]}],"id":51058,"pointables":[],"r":[[0.34437,-0.0675868,0.936398],[0.937324,-0.0317905,-0.347005],[0.0532216,0.997207,0.052403]],"s":-3.62018,"t":[177.301,-739.381,31.1864],"timestamp":244591253},
{"hands":[{"direction":[0.951591,0.19,-0.241608],"id":5,"palmNormal":[-0.118873,0.952386,0.280766],"palmPosition":[-24.0446,158.729,136.01],"palmVelocity":[41.3026,-200.09,-326.156],"r":[[1,0,0],[0,1,0],[0,0,1]],"s":1,"sphereCenter":[-21.9624,193.9,144.557],"sphereRadius":67.9122,"t":[-0.206022,-33.3959,-92.9449]}],"id":51060,"pointables":[],"r":[[0.34437,-0.0675868,0.936398],[0.937324,-0.0317905,-0.347005],[0.0532216,0.997207,0.052403]],"s":-3.62018,"t":[177.317,-741.413,28.2252],"timestamp":244600654},
{"hands":[{"direction":[0.948829,0.184737,-0.256116],"id":5,"palmNormal":[-0.112655,0.955684,0.271985],"palmPosition":[-23.7609,156.789,133.14],"palmVelocity":[30.3262,-207.278,-306.696],"r":[[1,0,0],[0,1,0],[0,0,1]],"s":1,"sphereCenter":[-21.8153,192.378,141.522],"sphereRadius":68.0725,"t":[-0.136639,-35.409,-95.8877]}],"id":51062,"pointables":[],"r":[[0.34437,-0.0675868,0.936398],[0.937324,-0.0317905,-0.347005],[0.0532216,0.997207,0.052403]],"s":-3.62018,"t":[177.386,-743.426,25.2823],"timestamp":244610010},
{"hands":[{"direction":[0.946102,0.179068,-0.269861],"id":5,"palmNormal":[-0.1056,0.958271,0.265643],"palmPosition":[-23.4462,155.272,130.739],"palmVelocity":[33.8239,-163.095,-258.082],"r":[[1,0,0],[0,1,0],[0,0,1]],"s":1,"sphereCenter":[-21.4471,191.154,138.662],"sphereRadius":68.3074,"t":[-0.0181997,-37.323,-98.7222]}],"id":51064,"pointables":[],"r":[[0.34437,-0.0675868,0.936398],[0.937324,-0.0317905,-0.347005],[0.0532216,0.997207,0.052403]],"s":-3.62018,"t":[177.505,-745.34,22.4478],"timestamp":244619313},
{"hands":[{"direction":[0.943101,0.174374,-0.283114],"id":5,"palmNormal":[-0.0992345,0.96026,0.26087],"palmPosition":[-23.185,154.057,128.813],"palmVelocity":[28.106,-130.728,-207.258],"r":[[1,0,0],[0,1,0],[0,0,1]],"s":1,"sphereCenter":[-21.2215,190.236,135.976],"sphereRadius":68.7426,"t":[0.128795,-39.0972,-101.375]}],"id":51066,"pointables":[],"r":[[0.34437,-0.0675868,0.936398],[0.937324,-0.0317905,-0.347005],[0.0532216,0.997207,0.052403]],"s":-3.62018,"t":[177.652,-747.114,19.7949],"timestamp":244628607},
{"hands":[{"direction":[0.939841,0.170583,-0.295974],"id":5,"palmNormal":[-0.0948065,0.962613,0.253746],"palmPosition":[-22.7357,151.95,125.339],"palmVelocity":[47.7822,-224.107,-369.483],"r":[[1,0,0],[0,1,0],[0,0,1]],"s":1,"sphereCenter":[-21.0571,188.912,133.073],"sphereRadius":69.002,"t":[0.33625,-40.9381,-104.192]}],"id":51068,"pointables":[],"r":[[0.34437,-0.0675868,0.936398],[0.937324,-0.0317905,-0.347005],[0.0532216,0.997207,0.052403]],"s":-3.62018,"t":[177.859,-748.955,16.9778],"timestamp":244638010},
{"hands":[{"direction":[0.936515,0.165883,-0.308904],"id":5,"palmNormal":[-0.0890691,0.964658,0.247994],"palmPosition":[-22.3956,150.025,121.946],"palmVelocity":[36.3712,-205.899,-362.898],"r":[[1,0,0],[0,1,0],[0,0,1]],"s":1,"sphereCenter":[-20.8499,187.611,130.291],"sphereRadius":69.2498,"t":[0.570228,-42.7957,-107.124]}],"id":51070,"pointables":[],"r":[[0.34437,-0.0675868,0.936398],[0.937324,-0.0317905,-0.347005],[0.0532216,0.997207,0.052403]],"s":-3.62018,"t":[178.093,-750.813,14.0455],"timestamp":244647360},
{"hands":[{"direction":[0.932698,0.161181,-0.322638],"id":5,"palmNormal":[-0.0824231,0.966166,0.244398],"palmPosition":[-22.0633,148.068,118.526],"palmVelocity":[35.3618,-208.282,-363.87],"r":[[1,0,0],[0,1,0],[0,0,1]],"s":1,"sphereCenter":[-20.7521,186.774,127.797],"sphereRadius":69.784,"t":[0.82387,-44.6733,-110.154]}],"id":51072,"pointables":[],"r":[[0.34437,-0.0675868,0.936398],[0.937324,-0.0317905,-0.347005],[0.0532216,0.997207,0.052403]],"s":-3.62018,"t":[178.347,-752.69,11.0158],"timestamp":244656757},
{"hands":[{"direction":[0.928496,0.157618,-0.336231],"id":5,"palmNormal":[-0.0766889,0.96732,0.241684],"palmPosition":[-21.7475,146.177,115.096],"palmVelocity":[34.1398,-204.301,-370.804],"r":[[1,0,0],[0,1,0],[0,0,1]],"s":1,"sphereCenter":[-20.6215,185.432,125.183],"sphereRadius":70.0344,"t":[1.08996,-46.5534,-113.264]}],"id":51074,"pointables":[],"r":[[0.34437,-0.0675868,0.936398],[0.937324,-0.0317905,-0.347005],[0.0532216,0.997207,0.052403]],"s":-3.62018,"t":[178.613,-754.571,7.90587],"timestamp":244666009},
{"hands":[{"direction":[0.924417,0.151997,-0.349785],"id":5,"palmNormal":[-0.0690033,0.968671,0.238568],"palmPosition":[-21.4985,144.903,112.941],"palmVelocity":[26.6705,-136.467,-230.765],"r":[[1,0,0],[0,1,0],[0,0,1]],"s":1,"sphereCenter":[-20.4141,184.335,122.655],"sphereRadius":70.3535,"t":[1.35262,-48.3123,-116.183]}],"id":51076,"pointables":[],"r":[[0.34437,-0.0675868,0.936398],[0.937324,-0.0317905,-0.347005],[0.0532216,0.997207,0.052403]],"s":-3.62018,"t":[178.876,-756.329,4.98706],"timestamp":244675345},
{"hands":[{"direction":[0.920083,0.1478,-0.36277],"id":5,"palmNormal":[-0.0629121,0.969821,0.235563],"palmPosition":[-21.2969,143.251,110.078],"palmVelocity":[21.4696,-176.02,-304.953],"r":[[1,0,0],[0,1,0],[0,0,1]],"s":1,"sphereCenter":[-20.0197,182.666,119.924],"sphereRadius":70.3041,"t":[1.60307,-50.05,-119.091]}],"id":51078,"pointables":[],"r":[[0.34437,-0.0675868,0.936398],[0.937324,-0.0317905,-0.347005],[0.0532216,0.997207,0.052403]],"s":-3.62018,"t":[179.126,-758.067,2.07943],"timestamp":244684733},
{"hands":[{"direction":[0.915659,0.143111,-0.375618],"id":5,"palmNormal":[-0.0566917,0.971111,0.231796],"palmPosition":[-21.118,141.67,107.439],"palmVelocity":[19.0277,-168.171,-280.744],"r":[[1,0,0],[0,1,0],[0,0,1]],"s":1,"sphereCenter":[-19.9017,181.443,117.363],"sphereRadius":70.5827,"t":[1.83921,-51.7563,-121.945]}],"id":51080,"pointables":[],"r":[[0.34437,-0.0675868,0.936398],[0.937324,-0.0317905,-0.347005],[0.0532216,0.997207,0.052403]],"s":-3.62018,"t":[179.362,-759.773,-0.774637],"timestamp":244694136},
{"hands":[{"direction":[0.910909,0.137466,-0.389035],"id":5,"palmNormal":[-0.0497286,0.972573,0.227221],"palmPosition":[-20.9476,140.118,104.75],"palmVelocity":[18.1551,-165.338,-286.438],"r":[[1,0,0],[0,1,0],[0,0,1]],"s":1,"sphereCenter":[-19.7712,179.69,114.745],"sphereRadius":70.584,"t":[2.0622,-53.4318,-124.766]}],"id":51082,"pointables":[],"r":[[0.34437,-0.0675868,0.936398],[0.937324,-0.0317905,-0.347005],[0.0532216,0.997207,0.052403]],"s":-3.62018,"t":[179.585,-761.449,-3.59565],"timestamp":244703523},
{"hands":[{"direction":[0.905908,0.131529,-0.402531],"id":5,"palmNormal":[-0.0418427,0.973693,0.22399],"palmPosition":[-20.8166,138.837,102.664],"palmVelocity":[14.1394,-138.217,-225.171],"r":[[1,0,0],[0,1,0],[0,0,1]],"s":1,"sphereCenter":[-19.4412,178.646,112.278],"sphereRadius":70.8415,"t":[2.26679,-55.0282,-127.439]}],"id":51084,"pointables":[],"r":[[0.34437,-0.0675868,0.936398],[0.937324,-0.0317905,-0.347005],[0.0532216,0.997207,0.052403]],"s":-3.62018,"t":[179.79,-763.045,-6.26952],"timestamp":244712784},
{"hands":[{"direction":[0.900478,0.125151,-0.416504],"id":5,"palmNormal":[-0.03347,0.974802,0.220547],"palmPosition":[-20.7309,137.453,100.309],"palmVelocity":[9.12706,-147.315,-250.735],"r":[[1,0,0],[0,1,0],[0,0,1]],"s":1,"sphereCenter":[-19.3488,177.127,109.686],"sphereRadius":70.899,"t":[2.44761,-56.5821,-130.05]}],"id":51086,"pointables":[],"r":[[0.34437,-0.0675868,0.936398],[0.937324,-0.0317905,-0.347005],[0.0532216,0.997207,0.052403]],"s":-3.62018,"t":[179.971,-764.599,-8.8798],"timestamp":244722180},
{"hands":[{"direction":[0.894341,0.119617,-0.431098],"id":5,"palmNormal":[-0.0243678,0.975188,0.220034],"palmPosition":[-20.7409,135.777,97.485],"palmVelocity":[-1.07966,-180.11,-303.406],"r":[[1,0,0],[0,1,0],[0,0,1]],"s":1,"sphereCenter":[-19.1818,175.876,107.257],"sphereRadius":71.0366,"t":[2.59026,-58.1605,-132.703]}],"id":51088,"pointables":[],"r":[[0.34437,-0.0675868,0.936398],[0.937324,-0.0317905,-0.347005],[0.0532216,0.997207,0.052403]],"s":-3.62018,"t":[180.113,-766.178,-11.5327],"timestamp":244731486},
{"hands":[{"direction":[0.88773,0.11095,-0.446795],"id":5,"palmNormal":[-0.0138286,0.976512,0.215017],"palmPosition":[-20.7168,134.542,95.3217],"palmVelocity":[2.60261,-133.181,-233.288],"r":[[1,0,0],[0,1,0],[0,0,1]],"s":1,"sphereCenter":[-18.9895,173.865,104.662],"sphereRadius":70.7368,"t":[2.7092,-59.6702,-135.258]}],"id":51090,"pointables":[],"r":[[0.34437,-0.0675868,0.936398],[0.937324,-0.0317905,-0.347005],[0.0532216,0.997207,0.052403]],"s":-3.62018,"t":[180.232,-767.687,-14.0877],"timestamp":244740759},
{"hands":[{"direction":[0.880921,0.103491,-0.461809],"id":5,"palmNormal":[-0.00418335,0.977462,0.211068],"palmPosition":[-20.6506,133.327,92.7981],"palmVelocity":[7.06086,-129.569,-269.133],"r":[[1,0,0],[0,1,0],[0,0,1]],"s":1,"sphereCenter":[-18.9185,172.036,102.199],"sphereRadius":70.5312,"t":[2.8176,-61.121,-137.806]}],"id":51092,"pointables":[],"r":[[0.34437,-0.0675868,0.936398],[0.937324,-0.0317905,-0.347005],[0.0532216,0.997207,0.052403]],"s":-3.62018,"t":[180.341,-769.138,-16.6364],"timestamp":244750136},
{"hands":[{"direction":[0.872799,0.099155,-0.477902],"id":5,"palmNormal":[0.00559041,0.977052,0.212928],"palmPosition":[-20.6234,132.089,89.9076],"palmVelocity":[2.90312,-132.131,-308.356],"r":[[1,0,0],[0,1,0],[0,0,1]],"s":1,"sphereCenter":[-18.6645,169.71,99.6319],"sphereRadius":70.0536,"t":[2.90976,-62.5293,-140.423]}],"id":51094,"pointables":[],"r":[[0.34437,-0.0675868,0.936398],[0.937324,-0.0317905,-0.347005],[0.0532216,0.997207,0.052403]],"s":-3.62018,"t":[180.433,-770.546,-19.2535],"timestamp":244759510},
{"hands":[{"direction":[0.864379,0.0935502,-0.494061],"id":5,"palmNormal":[0.0156234,0.977071,0.212341],"palmPosition":[-20.6469,130.987,87.5276],"palmVelocity":[-2.50748,-117.661,-254.134],"r":[[1,0,0],[0,1,0],[0,0,1]],"s":1,"sphereCenter":[-18.6609,168.202,97.3102],"sphereRadius":69.978,"t":[2.97879,-63.8764,-142.993]}],"id":51096,"pointables":[],"r":[[0.34437,-0.0675868,0.936398],[0.937324,-0.0317905,-0.347005],[0.0532216,0.997207,0.052403]],"s":-3.62018,"t":[180.502,-771.893,-21.8232],"timestamp":244768875},
{"hands":[{"direction":[0.854962,0.0899525,-0.510831],"id":5,"palmNormal":[0.0258625,0.97623,0.21519],"palmPosition":[-20.6746,130.006,84.9229],"palmVelocity":[-2.96508,-104.813,-278.249],"r":[[1,0,0],[0,1,0],[0,0,1]],"s":1,"sphereCenter":[-18.4509,165.725,94.7187],"sphereRadius":69.406,"t":[3.02847,-65.1502,-145.57]}],"id":51098,"pointables":[],"r":[[0.34437,-0.0675868,0.936398],[0.937324,-0.0317905,-0.347005],[0.0532216,0.997207,0.052403]],"s":-3.62018,"t":[180.551,-773.167,-24.3999],"timestamp":244778236},
{"hands":[{"direction":[0.845509,0.0843947,-0.52725],"id":5,"palmNormal":[0.0358486,0.976231,0.213749],"palmPosition":[-20.6909,129.195,82.7649],"palmVelocity":[-1.75548,-87.3718,-232.641],"r":[[1,0,0],[0,1,0],[0,0,1]],"s":1,"sphereCenter":[-18.389,163.025,92.1968],"sphereRadius":68.8033,"t":[3.06495,-66.3314,-148.063]}],"id":51100,"pointables":[],"r":[[0.34437,-0.0675868,0.936398],[0.937324,-0.0317905,-0.347005],[0.0532216,0.997207,0.052403]],"s":-3.62018,"t":[180.588,-774.349,-26.8928],"timestamp":244787512},
{"hands":[{"direction":[0.834871,0.0815052,-0.544378],"id":5,"palmNormal":[0.0463129,0.975069,0.217015],"palmPosition":[-20.7005,128.572,81.129],"palmVelocity":[-1.02565,-66.6527,-175.035],"r":[[1,0,0],[0,1,0],[0,0,1]],"s":1,"sphereCenter":[-18.2086,160.51,89.737],"sphereRadius":68.2481,"t":[3.09222,-67.4009,-150.384]}],"id":51102,"pointables":[],"r":[[0.34437,-0.0675868,0.936398],[0.937324,-0.0317905,-0.347005],[0.0532216,0.997207,0.052403]],"s":-3.62018,"t":[180.615,-775.418,-29.2143],"timestamp":244796858},
{"hands":[{"direction":[0.824301,0.0731421,-0.561407],"id":5,"palmNormal":[0.0586975,0.975235,0.213241],"palmPosition":[-20.6958,128.113,79.9247],"palmVelocity":[0.494039,-48.7267,-127.919],"r":[[1,0,0],[0,1,0],[0,0,1]],"s":1,"sphereCenter":[-18.4648,157.22,87.258],"sphereRadius":67.735,"t":[3.11496,-68.3483,-152.482]}],"id":51104,"pointables":[],"r":[[0.34437,-0.0675868,0.936398],[0.937324,-0.0317905,-0.347005],[0.0532216,0.997207,0.052403]],"s":-3.62018,"t":[180.638,-776.365,-31.3124],"timestamp":244806273},
{"hands":[{"direction":[0.81531,0.0728977,-0.574418],"id":5,"palmNormal":[0.0679252,0.973152,0.219911],"palmPosition":[-20.5379,127.781,78.3381],"palmVelocity":[16.8772,-35.5062,-169.558],"r":[[1,0,0],[0,1,0],[0,0,1]],"s":1,"sphereCenter":[-18.3172,154.113,84.3915],"sphereRadius":67.1018,"t":[3.16474,-69.1727,-154.478]}],"id":51106,"pointables":[],"r":[[0.34437,-0.0675868,0.936398],[0.937324,-0.0317905,-0.347005],[0.0532216,0.997207,0.052403]],"s":-3.62018,"t":[180.688,-777.19,-33.3082],"timestamp":244815630},
{"hands":[{"direction":[0.805552,0.0735197,-0.587946],"id":5,"palmNormal":[0.0779842,0.970486,0.228202],"palmPosition":[-20.4187,127.429,76.6109],"palmVelocity":[12.8399,-37.9143,-186.107],"r":[[1,0,0],[0,1,0],[0,0,1]],"s":1,"sphereCenter":[-18.4285,150.731,81.5952],"sphereRadius":66.5361,"t":[3.2284,-69.9025,-156.42]}],"id":51108,"pointables":[],"r":[[0.34437,-0.0675868,0.936398],[0.937324,-0.0317905,-0.347005],[0.0532216,0.997207,0.052403]],"s":-3.62018,"t":[180.751,-777.92,-35.2503],"timestamp":244824911},
{"hands":[{"direction":[0.793478,0.0723119,-0.604287],"id":5,"palmNormal":[0.0924915,0.967055,0.237171],"palmPosition":[-20.3967,127.026,74.6845],"palmVelocity":[2.35238,-43.1464,-205.991],"r":[[1,0,0],[0,1,0],[0,0,1]],"s":1,"sphereCenter":[-18.9398,145.282,78.1209],"sphereRadius":66.3384,"t":[3.28373,-70.5671,-158.359]}],"id":51110,"pointables":[],"r":[[0.34437,-0.0675868,0.936398],[0.937324,-0.0317905,-0.347005],[0.0532216,0.997207,0.052403]],"s":-3.62018,"t":[180.807,-778.584,-37.1892],"timestamp":244834263},
{"hands":[{"direction":[0.785683,0.0900443,-0.612041],"id":5,"palmNormal":[0.0693204,0.970305,0.23174],"palmPosition":[-20.4148,126.666,72.4883],"palmVelocity":[-1.92232,-38.3151,-234.031],"r":[[1,0,0],[0,1,0],[0,0,1]],"s":1,"sphereCenter":[-19.4444,139.871,74.4562],"sphereRadius":66.3026,"t":[3.32438,-71.1707,-160.35]}],"id":51112,"pointables":[],"r":[[0.34437,-0.0675868,0.936398],[0.937324,-0.0317905,-0.347005],[0.0532216,0.997207,0.052403]],"s":-3.62018,"t":[180.847,-779.188,-39.1796],"timestamp":244843647},
{"hands":[{"direction":[0.779297,0.035848,-0.625628],"id":5,"palmNormal":[0.062652,0.988903,0.134704],"palmPosition":[-20.1734,127.269,70.1275],"palmVelocity":[25.7517,64.2606,-251.87],"r":[[1,0,0],[0,1,0],[0,0,1]],"s":1,"sphereCenter":[-17.9658,141.922,72.4285],"sphereRadius":66.8163,"t":[3.40518,-71.5331,-162.414]}],"id":51114,"pointables":[],"r":[[0.34437,-0.0675868,0.936398],[0.937324,-0.0317905,-0.347005],[0.0532216,0.997207,0.052403]],"s":-3.62018,"t":[180.928,-779.55,-41.2441],"timestamp":244853020},
{"hands":[{"direction":[0.808615,0.0220112,-0.587926],"id":5,"palmNormal":[-0.237914,0.926183,-0.292545],"palmPosition":[-19.9785,127.719,68.3139],"palmVelocity":[21.0775,48.6803,-196.149],"r":[[1,0,0],[0,1,0],[0,0,1]],"s":1,"sphereCenter":[-18.8583,136.028,67.955],"sphereRadius":67.1893,"t":[3.50879,-71.733,-164.428]}],"id":51116,"pointables":[],"r":[[0.34437,-0.0675868,0.936398],[0.937324,-0.0317905,-0.347005],[0.0532216,0.997207,0.052403]],"s":-3.62018,"t":[181.032,-779.75,-43.2583],"timestamp":244862266},
{"hands":[{"direction":[0.753442,0.115392,-0.64731],"id":5,"palmNormal":[-0.397949,-0.703666,-0.588635],"palmPosition":[-19.8017,127.927,66.5714],"palmVelocity":[18.8517,22.2268,-185.812],"r":[[1,0,0],[0,1,0],[0,0,1]],"s":1,"sphereCenter":[-19.2576,132.181,63.4986],"sphereRadius":66.9774,"t":[3.62704,-71.8512,-166.388]}],"id":51118,"pointables":[],"r":[[0.34437,-0.0675868,0.936398],[0.937324,-0.0317905,-0.347005],[0.0532216,0.997207,0.052403]],"s":-3.62018,"t":[181.15,-779.868,-45.2183],"timestamp":244871644},
{"hands":[{"direction":[0.746737,0.110615,-0.655857],"id":5,"palmNormal":[-0.291628,-0.831782,-0.472325],"palmPosition":[-19.6077,128.152,65.0919],"palmVelocity":[20.7191,23.9642,-157.95],"r":[[1,0,0],[0,1,0],[0,0,1]],"s":1,"sphereCenter":[-18.9889,130.215,58.8057],"sphereRadius":66.2039,"t":[2.57519,-70.336,-168.81]}],"id":51120,"pointables":[{"direction":[0.339132,-0.417278,-0.84313],"handId":5,"id":4,"length":46.2136,"tipPosition":[-30.6898,139.947,-29.4961],"tipVelocity":[-237.211,336.133,-307.755],"tool":false}],"r":[[0.34437,-0.0675868,0.936398],[0.937324,-0.0317905,-0.347005],[0.0532216,0.997207,0.052403]],"s":-3.62018,"t":[180.098,-778.353,-47.6396],"timestamp":244881011},
{"hands":[{"direction":[0.741585,0.128576,-0.658422],"id":5,"palmNormal":[-0.257072,-0.852078,-0.455935],"palmPosition":[-19.4058,128.442,63.793],"palmVelocity":[21.5066,30.9792,-138.367],"r":[[1,0,0],[0,1,0],[0,0,1]],"s":1,"sphereCenter":[-18.4553,129.729,54.2234],"sphereRadius":65.3117,"t":[0.812507,-67.8284,-171.29]}],"id":51122,"pointables":[{"direction":[0.305209,-0.365694,-0.87927],"handId":5,"id":4,"length":48.834,"tipPosition":[-33.1633,143.447,-32.035],"tipVelocity":[-263.504,372.87,-270.466],"tool":false}],"r":[[0.34437,-0.0675868,0.936398],[0.937324,-0.0317905,-0.347005],[0.0532216,0.997207,0.052403]],"s":-3.62018,"t":[178.335,-775.846,-50.1197],"timestamp":244890398},
{"hands":[{"direction":[0.732373,0.14586,-0.665097],"id":5,"palmNormal":[-0.24183,-0.857385,-0.454322],"palmPosition":[-19.0845,128.954,62.0201],"palmVelocity":[34.744,55.2815,-191.754],"r":[[1,0,0],[0,1,0],[0,0,1]],"s":1,"sphereCenter":[-17.9886,129.804,49.8007],"sphereRadius":64.557,"t":[-1.47727,-64.5422,-173.693]}],"id":51124,"pointables":[{"direction":[0.270162,-0.31384,-0.910229],"handId":5,"id":4,"length":50.67,"tipPosition":[-35.9802,147.511,-34.3607],"tipVelocity":[-304.658,439.631,-251.533],"tool":false}],"r":[[0.34437,-0.0675868,0.936398],[0.937324,-0.0317905,-0.347005],[0.0532216,0.997207,0.052403]],"s":-3.62018,"t":[176.046,-772.559,-52.5226],"timestamp":244899644},
{"hands":[{"direction":[0.723874,0.167429,-0.669309],"id":5,"palmNormal":[-0.232935,-0.853837,-0.465515],"palmPosition":[-18.7068,129.621,59.9399],"palmVelocity":[40.3257,71.206,-222.047],"r":[[1,0,0],[0,1,0],[0,0,1]],"s":1,"sphereCenter":[-17.5899,129.921,45.4633],"sphereRadius":63.921,"t":[-4.15242,-60.6483,-175.902]}],"id":51126,"pointables":[{"direction":[0.231587,-0.258214,-0.937919],"handId":5,"id":4,"length":52.2138,"tipPosition":[-39.0407,152.013,-36.3771],"tipVelocity":[-326.701,480.512,-215.246],"tool":false}],"r":[[0.34437,-0.0675868,0.936398],[0.937324,-0.0317905,-0.347005],[0.0532216,0.997207,0.052403]],"s":-3.62018,"t":[173.371,-768.665,-54.7323],"timestamp":244909012},
{"hands":[{"direction":[0.714629,0.185652,-0.674417],"id":5,"palmNormal":[-0.225814,-0.851289,-0.473619],"palmPosition":[-18.3954,130.385,57.9829],"palmVelocity":[33.1892,81.4436,-208.593],"r":[[1,0,0],[0,1,0],[0,0,1]],"s":1,"sphereCenter":[-18.1373,129.107,42.6596],"sphereRadius":64.2773,"t":[-7.11994,-56.2263,-177.79]}],"id":51128,"pointables":[{"direction":[0.192145,-0.201357,-0.960487],"handId":5,"id":4,"length":53.4348,"tipPosition":[-42.3006,156.963,-37.942],"tipVelocity":[-347.461,527.627,-166.804],"tool":false}],"r":[[0.34437,-0.0675868,0.936398],[0.937324,-0.0317905,-0.347005],[0.0532216,0.997207,0.052403]],"s":-3.62018,"t":[170.403,-764.243,-56.6196],"timestamp":244918394},
