[
{"gestures":[],"hands":[],"id":73289311,"interactionBox":{"center":[0,183.899,0],"size":[208.058,208.058,105.011]},"pointables":[],"r":[[0.296611,-0.540021,-0.787654],[0.895013,0.44489,0.0320201],[0.333128,-0.714458,0.615285]],"s":6110.45,"t":[-256143,17363.8,-270915],"timestamp":1379876607140},
{"gestures":[],"hands":[],"id":73289313,"interactionBox":{"center":[0,183.899,0],"size":[208.058,208.058,105.011]},"pointables":[],"r":[[0.296611,-0.540021,-0.787654],[0.895013,0.44489,0.0320201],[0.333128,-0.714458,0.615285]],"s":6110.45,"t":[-256143,17363.8,-270915],"timestamp":1379876616741},
{"gestures":[],"hands":[],"id":73289315,"interactionBox":{"center":[0,183.899,0],"size":[208.058,208.058,105.011]},"pointables":[],"r":[[0.296611,-0.540021,-0.787654],[0.895013,0.44489,0.0320201],[0.333128,-0.714458,0.615285]],"s":6110.45,"t":[-256143,17363.8,-270915],"timestamp":1379876626502},
{"gestures":[],"hands":[],"id":73289317,"interactionBox":{"center":[0,183.899,0],"size":[208.058,208.058,105.011]},"pointables":[],"r":[[0.296611,-0.540021,-0.787654],[0.895013,0.44489,0.0320201],[0.333128,-0.714458,0.615285]],"s":6110.45,"t":[-256143,17363.8,-270915],"timestamp":1379876636255},
{"gestures":[],"hands":[],"id":73289319,"interactionBox":{"center":[0,183.899,0],"size":[208.058,208.058,105.011]},"pointables":[],"r":[[0.296611,-0.540021,-0.787654],[0.895013,0.44489,0.0320201],[0.333128,-0.714458,0.615285]],"s":6110.45,"t":[-256143,17363.8,-270915],"timestamp":1379876646160},
{"gestures":[],"hands":[],"id":73289321,"interactionBox":{"center":[0,183.899,0],"size":[208.058,208.058,105.011]},"pointables":[],"r":[[0.296611,-0.540021,-0.787654],[0.895013,0.44489,0.0320201],[0.333128,-0.714458,0.615285]],"s":6110.45,"t":[-256143,17363.8,-270915],"timestamp":1379876655748},
{"gestures":[],"hands":[],"id":73289323,"interactionBox":{"center":[0,183.899,0],"size":[208.058,208.058,105.011]},"pointables":[],"r":[[0.296611,-0.540021,-0.787654],[0.895013,0.44489,0.0320201],[0.333128,-0.714458,0.615285]],"s":6110.45,"t":[-256143,17363.8,-270915],"timestamp":1379876665442},
{"gestures":[],"hands":[],"id":73289325,"interactionBox":{"center":[0,183.899,0],"size":[208.058,208.058,105.011]},"pointables":[],"r":[[0.296611,-0.540021,-0.787654],[0.895013,0.44489,0.0320201],[0.333128,-0.714458,0.615285]],"s":6110.45,"t":[-256143,17363.8,-270915],"timestamp":1379876675096},
{"gestures":[],"hands":[],"id":73289327,"interactionBox":{"center":[0,183.899,0],"size":[208.058,208.058,105.011]},"pointables":[],"r":[[0.296611,-0.540021,-0.787654],[0.895013,0.44489,0.0320201],[0.333128,-0.714458,0.615285]],"s":6110.45,"t":[-256143,17363.8,-270915],"timestamp":1379876684874},
{"gestures":[],"hands":[],"id":73289329,"interactionBox":{"center":[0,183.899,0],"size":[208.058,208.058,105.011]},"pointables":[],"r":[[0.296611,-0.540021,-0.787654],[0.895013,0.44489,0.0320201],[0.333128,-0.714458,0.615285]],"s":6110.45,"t":[-256143,17363.8,-270915],"timestamp":1379876694606},
{"gestures":[],"hands":[],"id":73289331,"interactionBox":{"center":[0,183.899,0],"size":[208.058,208.058,105.011]},"pointables":[],"r":[[0.296611,-0.540021,-0.787654],[0.895013,0.44489,0.0320201],[0.333128,-0.714458,0.615285]],"s":6110.45,"t":[-256143,17363.8,-270915],"timestamp":1379876704338},
{"gestures":[],"hands":[],"id":73289333,"interactionBox":{"center":[0,183.899,0],"size":[208.058,208.058,105.011]},"pointables":[],"r":[[0.296611,-0.540021,-0.787654],[0.895013,0.44489,0.0320201],[0.333128,-0.714458,0.615285]],"s":6110.45,"t":[-256143,17363.8,-270915],"timestamp":1379876713962},
{"gestures":[],"hands":[],"id":73289335,"interactionBox":{"center":[0,183.899,0],"size":[208.058,208.058,105.011]},"pointables":[],"r":[[0.296611,-0.540021,-0.787654],[0.895013,0.44489,0.0320201],[0.333128,-0.714458,0.615285]],"s":6110.45,"t":[-256143,17363.8,-270915],"timestamp":1379876723749},
{"gestures":[],"hands":[],"id":73289337,"interactionBox":{"center":[0,183.899,0],"size":[208.058,208.058,105.011]},"pointables":[],"r":[[0.296611,-0.540021,-0.787654],[0.895013,0.44489,0.0320201],[0.333128,-0.714458,0.615285]],"s":6110.45,"t":[-256143,17363.8,-270915],"timestamp":1379876733481},
{"gestures":[],"hands":[],"id":73289339,"interactionBox":{"center":[0,183.899,0],"size":[208.058,208.058,105.011]},"pointables":[],"r":[[0.296611,-0.540021,-0.787654],[0.895013,0.44489,0.0320201],[0.333128,-0.714458,0.615285]],"s":6110.45,"t":[-256143,17363.8,-270915],"timestamp":1379876743265},
{"gestures":[],"hands":[],"id":73289341,"interactionBox":{"center":[0,183.899,0],"size":[208.058,208.058,105.011]},"pointables":[],"r":[[0.296611,-0.540021,-0.787654],[0.895013,0.44489,0.0320201],[0.333128,-0.714458,0.615285]],"s":6110.45,"t":[-256143,17363.8,-270915],"timestamp":1379876752987},
{"gestures":[],"hands":[],"id":73289343,"interactionBox":{"center":[0,183.899,0],"size":[208.058,208.058,105.011]},"pointables":[],"r":[[0.296611,-0.540021,-0.787654],[0.895013,0.44489,0.0320201],[0.333128,-0.714458,0.615285]],"s":6110.45,"t":[-256143,17363.8,-270915],"timestamp":1379876762627},
{"gestures":[],"hands":[],"id":73289345,"interactionBox":{"center":[0,183.899,0],"size":[208.058,208.058,105.011]},"pointables":[],"r":[[0.296611,-0.540021,-0.787654],[0.895013,0.44489,0.0320201],[0.333128,-0.714458,0.615285]],"s":6110.45,"t":[-256143,17363.8,-270915],"timestamp":1379876772379},
{"gestures":[],"hands":[],"id":73289347,"interactionBox":{"center":[0,183.899,0],"size":[208.058,208.058,105.011]},"pointables":[],"r":[[0.296611,-0.540021,-0.787654],[0.895013,0.44489,0.0320201],[0.333128,-0.714458,0.615285]],"s":6110.45,"t":[-256143,17363.8,-270915],"timestamp":1379876782082},
{"gestures":[],"hands":[],"id":73289349,"interactionBox":{"center":[0,183.899,0],"size":[208.058,208.058,105.011]},"pointables":[],"r":[[0.296611,-0.540021,-0.787654],[0.895013,0.44489,0.0320201],[0.333128,-0.714458,0.615285]],"s":6110.45,"t":[-256143,17363.8,-270915],"timestamp":1379876791902},
{"gestures":[],"hands":[],"id":73289351,"interactionBox":{"center":[0,183.899,0],"size":[208.058,208.058,105.011]},"pointables":[],"r":[[0.296611,-0.540021,-0.787654],[0.895013,0.44489,0.0320201],[0.333128,-0.714458,0.615285]],"s":6110.45,"t":[-256143,17363.8,-270915],"timestamp":1379876801517},
{"gestures":[],"hands":[],"id":73289353,"interactionBox":{"center":[0,183.899,0],"size":[208.058,208.058,105.011]},"pointables":[],"r":[[0.296611,-0.540021,-0.787654],[0.895013,0.44489,0.0320201],[0.333128,-0.714458,0.615285]],"s":6110.45,"t":[-256143,17363.8,-270915],"timestamp":1379876811234},
{"gestures":[],"hands":[],"id":73289355,"interactionBox":{"center":[0,183.899,0],"size":[208.058,208.058,105.011]},"pointables":[],"r":[[0.296611,-0.540021,-0.787654],[0.895013,0.44489,0.0320201],[0.333128,-0.714458,0.615285]],"s":6110.45,"t":[-256143,17363.8,-270915],"timestamp":1379876821004},
{"gestures":[],"hands":[],"id":73289357,"interactionBox":{"center":[0,183.899,0],"size":[208.058,208.058,105.011]},"pointables":[],"r":[[0.296611,-0.540021,-0.787654],[0.895013,0.44489,0.0320201],[0.333128,-0.714458,0.615285]],"s":6110.45,"t":[-256143,17363.8,-270915],"timestamp":1379876830752},
{"gestures":[],"hands":[],"id":73289359,"interactionBox":{"center":[0,183.899,0],"size":[208.058,208.058,105.011]},"pointables":[],"r":[[0.296611,-0.540021,-0.787654],[0.895013,0.44489,0.0320201],[0.333128,-0.714458,0.615285]],"s":6110.45,"t":[-256143,17363.8,-270915],"timestamp":1379876840497},
{"gestures":[],"hands":[],"id":73289361,"interactionBox":{"center":[0,183.899,0],"size":[208.058,208.058,105.011]},"pointables":[],"r":[[0.296611,-0.540021,-0.787654],[0.895013,0.44489,0.0320201],[0.333128,-0.714458,0.615285]],"s":6110.45,"t":[-256143,17363.8,-270915],"timestamp":1379876850088},
{"gestures":[],"hands":[],"id":73289363,"interactionBox":{"center":[0,183.899,0],"size":[208.058,208.058,105.011]},"pointables":[],"r":[[0.296611,-0.540021,-0.787654],[0.895013,0.44489,0.0320201],[0.333128,-0.714458,0.615285]],"s":6110.45,"t":[-256143,17363.8,-270915],"timestamp":1379876859907},
{"gestures":[],"hands":[],"id":73289365,"interactionBox":{"center":[0,183.899,0],"size":[208.058,208.058,105.011]},"pointables":[],"r":[[0.296611,-0.540021,-0.787654],[0.895013,0.44489,0.0320201],[0.333128,-0.714458,0.615285]],"s":6110.45,"t":[-256143,17363.8,-270915],"timestamp":1379876869634},
{"gestures":[],"hands":[],"id":73289367,"interactionBox":{"center":[0,183.899,0],"size":[208.058,208.058,105.011]},"pointables":[],"r":[[0.296611,-0.540021,-0.787654],[0.895013,0.44489,0.0320201],[0.333128,-0.714458,0.615285]],"s":6110.45,"t":[-256143,17363.8,-270915],"timestamp":1379876879387},
{"gestures":[],"hands":[],"id":73289369,"interactionBox":{"center":[0,183.899,0],"size":[208.058,208.058,105.011]},"pointables":[],"r":[[0.296611,-0.540021,-0.787654],[0.895013,0.44489,0.0320201],[0.333128,-0.714458,0.615285]],"s":6110.45,"t":[-256143,17363.8,-270915],"timestamp":1379876889098},
{"gestures":[],"hands":[],"id":73289371,"interactionBox":{"center":[0,183.899,0],"size":[208.058,208.058,105.011]},"pointables":[],"r":[[0.296611,-0.540021,-0.787654],[0.895013,0.44489,0.0320201],[0.333128,-0.714458,0.615285]],"s":6110.45,"t":[-256143,17363.8,-270915],"timestamp":1379876898793},
{"gestures":[],"hands":[],"id":73289373,"interactionBox":{"center":[0,183.899,0],"size":[208.058,208.058,105.011]},"pointables":[],"r":[[0.296611,-0.540021,-0.787654],[0.895013,0.44489,0.0320201],[0.333128,-0.714458,0.615285]],"s":6110.45,"t":[-256143,17363.8,-270915],"timestamp":1379876908496},
{"gestures":[],"hands":[],"id":73289375,"interactionBox":{"center":[0,183.899,0],"size":[208.058,208.058,105.011]},"pointables":[],"r":[[0.296611,-0.540021,-0.787654],[0.895013,0.44489,0.0320201],[0.333128,-0.714458,0.615285]],"s":6110.45,"t":[-256143,17363.8,-270915],"timestamp":1379876918290},
{"gestures":[],"hands":[],"id":73289377,"interactionBox":{"center":[0,183.899,0],"size":[208.058,208.058,105.011]},"pointables":[],"r":[[0.296611,-0.540021,-0.787654],[0.895013,0.44489,0.0320201],[0.333128,-0.714458,0.615285]],"s":6110.45,"t":[-256143,17363.8,-270915],"timestamp":1379876928033},
{"gestures":[],"hands":[],"id":73289379,"interactionBox":{"center":[0,183.899,0],"size":[208.058,208.058,105.011]},"pointables":[],"r":[[0.296611,-0.540021,-0.787654],[0.895013,0.44489,0.0320201],[0.333128,-0.714458,0.615285]],"s":6110.45,"t":[-256143,17363.8,-270915],"timestamp":1379876937724},
{"gestures":[],"hands":[],"id":73289381,"interactionBox":{"center":[0,183.899,0],"size":[208.058,208.058,105.011]},"pointables":[],"r":[[0.296611,-0.540021,-0.787654],[0.895013,0.44489,0.0320201],[0.333128,-0.714458,0.615285]],"s":6110.45,"t":[-256143,17363.8,-270915],"timestamp":1379876947390},
{"gestures":[],"hands":[],"id":73289383,"interactionBox":{"center":[0,183.899,0],"size":[208.058,208.058,105.011]},"pointables":[],"r":[[0.296611,-0.540021,-0.787654],[0.895013,0.44489,0.0320201],[0.333128,-0.714458,0.615285]],"s":6110.45,"t":[-256143,17363.8,-270915],"timestamp":1379876957130},
{"gestures":[],"hands":[],"id":73289385,"interactionBox":{"center":[0,183.899,0],"size":[208.058,208.058,105.011]},"pointables":[],"r":[[0.296611,-0.540021,-0.787654],[0.895013,0.44489,0.0320201],[0.333128,-0.714458,0.615285]],"s":6110.45,"t":[-256143,17363.8,-270915],"timestamp":1379876966871},
{"gestures":[],"hands":[],"id":73289387,"interactionBox":{"center":[0,183.899,0],"size":[208.058,208.058,105.011]},"pointables":[],"r":[[0.296611,-0.540021,-0.787654],[0.895013,0.44489,0.0320201],[0.333128,-0.714458,0.615285]],"s":6110.45,"t":[-256143,17363.8,-270915],"timestamp":1379876976600},
{"gestures":[],"hands":[],"id":73289389,"interactionBox":{"center":[0,183.899,0],"size":[208.058,208.058,105.011]},"pointables":[],"r":[[0.296611,-0.540021,-0.787654],[0.895013,0.44489,0.0320201],[0.333128,-0.714458,0.615285]],"s":6110.45,"t":[-256143,17363.8,-270915],"timestamp":1379876986373},
{"gestures":[],"hands":[],"id":73289391,"interactionBox":{"center":[0,183.899,0],"size":[208.058,208.058,105.011]},"pointables":[],"r":[[0.296611,-0.540021,-0.787654],[0.895013,0.44489,0.0320201],[0.333128,-0.714458,0.615285]],"s":6110.45,"t":[-256143,17363.8,-270915],"timestamp":1379876996017},
{"gestures":[],"hands":[],"id":73289393,"interactionBox":{"center":[0,183.899,0],"size":[208.058,208.058,105.011]},"pointables":[],"r":[[0.296611,-0.540021,-0.787654],[0.895013,0.44489,0.0320201],[0.333128,-0.714458,0.615285]],"s":6110.45,"t":[-256143,17363.8,-270915],"timestamp":1379877005764},
{"gestures":[],"hands":[],"id":73289395,"interactionBox":{"center":[0,183.899,0],"size":[208.058,208.058,105.011]},"pointables":[],"r":[[0.296611,-0.540021,-0.787654],[0.895013,0.44489,0.0320201],[0.333128,-0.714458,0.615285]],"s":6110.45,"t":[-256143,17363.8,-270915],"timestamp":1379877015502},
{"gestures":[],"hands":[],"id":73289397,"interactionBox":{"center":[0,183.899,0],"size":[208.058,208.058,105.011]},"pointables":[],"r":[[0.296611,-0.540021,-0.787654],[0.895013,0.44489,0.0320201],[0.333128,-0.714458,0.615285]],"s":6110.45,"t":[-256143,17363.8,-270915],"timestamp":1379877025249},
{"gestures":[],"hands":[],"id":73289399,"interactionBox":{"center":[0,183.899,0],"size":[208.058,208.058,105.011]},"pointables":[],"r":[[0.296611,-0.540021,-0.787654],[0.895013,0.44489,0.0320201],[0.333128,-0.714458,0.615285]],"s":6110.45,"t":[-256143,17363.8,-270915],"timestamp":1379877034876},
{"gestures":[],"hands":[],"id":73289401,"interactionBox":{"center":[0,183.899,0],"size":[208.058,208.058,105.011]},"pointables":[],"r":[[0.296611,-0.540021,-0.787654],[0.895013,0.44489,0.0320201],[0.333128,-0.714458,0.615285]],"s":6110.45,"t":[-256143,17363.8,-270915],"timestamp":1379877044625},
{"gestures":[],"hands":[],"id":73289403,"interactionBox":{"center":[0,183.899,0],"size":[208.058,208.058,105.011]},"pointables":[],"r":[[0.296611,-0.540021,-0.787654],[0.895013,0.44489,0.0320201],[0.333128,-0.714458,0.615285]],"s":6110.45,"t":[-256143,17363.8,-270915],"timestamp":1379877054379},
{"gestures":[],"hands":[],"id":73289405,"interactionBox":{"center":[0,183.899,0],"size":[208.058,208.058,105.011]},"pointables":[],"r":[[0.296611,-0.540021,-0.787654],[0.895013,0.44489,0.0320201],[0.333128,-0.714458,0.615285]],"s":6110.45,"t":[-256143,17363.8,-270915],"timestamp":1379877064100},
{"gestures":[],"hands":[],"id":73289407,"interactionBox":{"center":[0,183.899,0],"size":[208.058,208.058,105.011]},"pointables":[],"r":[[0.296611,-0.540021,-0.787654],[0.895013,0.44489,0.0320201],[0.333128,-0.714458,0.615285]],"s":6110.45,"t":[-256143,17363.8,-270915],"timestamp":1379877073882},
{"gestures":[],"hands":[],"id":73289409,"interactionBox":{"center":[0,183.899,0],"size":[208.058,208.058,105.011]},"pointables":[],"r":[[0.296611,-0.540021,-0.787654],[0.895013,0.44489,0.0320201],[0.333128,-0.714458,0.615285]],"s":6110.45,"t":[-256143,17363.8,-270915],"timestamp":1379877083518},
{"gestures":[],"hands":[],"id":73289411,"interactionBox":{"center":[0,183.899,0],"size":[208.058,208.058,105.011]},"pointables":[],"r":[[0.296611,-0.540021,-0.787654],[0.895013,0.44489,0.0320201],[0.333128,-0.714458,0.615285]],"s":6110.45,"t":[-256143,17363.8,-270915],"timestamp":1379877093248},
{"gestures":[],"hands":[],"id":73289413,"interactionBox":{"center":[0,183.899,0],"size":[208.058,208.058,105.011]},"pointables":[],"r":[[0.296611,-0.540021,-0.787654],[0.895013,0.44489,0.0320201],[0.333128,-0.714458,0.615285]],"s":6110.45,"t":[-256143,17363.8,-270915],"timestamp":1379877102917},
{"gestures":[],"hands":[],"id":73289415,"interactionBox":{"center":[0,183.899,0],"size":[208.058,208.058,105.011]},"pointables":[],"r":[[0.296611,-0.540021,-0.787654],[0.895013,0.44489,0.0320201],[0.333128,-0.714458,0.615285]],"s":6110.45,"t":[-256143,17363.8,-270915],"timestamp":1379877112747},
{"gestures":[],"hands":[],"id":73289417,"interactionBox":{"center":[0,183.899,0],"size":[208.058,208.058,105.011]},"pointables":[],"r":[[0.296611,-0.540021,-0.787654],[0.895013,0.44489,0.0320201],[0.333128,-0.714458,0.615285]],"s":6110.45,"t":[-256143,17363.8,-270915],"timestamp":1379877122520},
{"gestures":[],"hands":[],"id":73289419,"interactionBox":{"center":[0,183.899,0],"size":[208.058,208.058,105.011]},"pointables":[],"r":[[0.296611,-0.540021,-0.787654],[0.895013,0.44489,0.0320201],[0.333128,-0.714458,0.615285]],"s":6110.45,"t":[-256143,17363.8,-270915],"timestamp":1379877132094},
{"gestures":[],"hands":[],"id":73289421,"interactionBox":{"center":[0,183.899,0],"size":[208.058,208.058,105.011]},"pointables":[],"r":[[0.296611,-0.540021,-0.787654],[0.895013,0.44489,0.0320201],[0.333128,-0.714458,0.615285]],"s":6110.45,"t":[-256143,17363.8,-270915],"timestamp":1379877141872},
{"gestures":[],"hands":[],"id":73289423,"interactionBox":{"center":[0,183.899,0],"size":[208.058,208.058,105.011]},"pointables":[],"r":[[0.296611,-0.540021,-0.787654],[0.895013,0.44489,0.0320201],[0.333128,-0.714458,0.615285]],"s":6110.45,"t":[-256143,17363.8,-270915],"timestamp":1379877151630},
{"gestures":[],"hands":[],"id":73289425,"interactionBox":{"center":[0,183.899,0],"size":[208.058,208.058,105.011]},"pointables":[],"r":[[0.296611,-0.540021,-0.787654],[0.895013,0.44489,0.0320201],[0.333128,-0.714458,0.615285]],"s":6110.45,"t":[-256143,17363.8,-270915],"timestamp":1379877161375},
{"gestures":[],"hands":[],"id":73289427,"interactionBox":{"center":[0,183.899,0],"size":[208.058,208.058,105.011]},"pointables":[],"r":[[0.296611,-0.540021,-0.787654],[0.895013,0.44489,0.0320201],[0.333128,-0.714458,0.615285]],"s":6110.45,"t":[-256143,17363.8,-270915],"timestamp":1379877171101},
{"gestures":[],"hands":[],"id":73289429,"interactionBox":{"center":[0,183.899,0],"size":[208.058,208.058,105.011]},"pointables":[],"r":[[0.296611,-0.540021,-0.787654],[0.895013,0.44489,0.0320201],[0.333128,-0.714458,0.615285]],"s":6110.45,"t":[-256143,17363.8,-270915],"timestamp":1379877180751},
{"gestures":[],"hands":[],"id":73289431,"interactionBox":{"center":[0,183.899,0],"size":[208.058,208.058,105.011]},"pointables":[],"r":[[0.296611,-0.540021,-0.787654],[0.895013,0.44489,0.0320201],[0.333128,-0.714458,0.615285]],"s":6110.45,"t":[-256143,17363.8,-270915],"timestamp":1379877190509},
{"gestures":[],"hands":[],"id":73289433,"interactionBox":{"center":[0,183.899,0],"size":[208.058,208.058,105.011]},"pointables":[],"r":[[0.296611,-0.540021,-0.787654],[0.895013,0.44489,0.0320201],[0.333128,-0.714458,0.615285]],"s":6110.45,"t":[-256143,17363.8,-270915],"timestamp":1379877200234},
{"gestures":[],"hands":[],"id":73289435,"interactionBox":{"center":[0,183.899,0],"size":[208.058,208.058,105.011]},"pointables":[],"r":[[0.296611,-0.540021,-0.787654],[0.895013,0.44489,0.0320201],[0.333128,-0.714458,0.615285]],"s":6110.45,"t":[-256143,17363.8,-270915],"timestamp":1379877210006},
{"gestures":[],"hands":[],"id":73289437,"interactionBox":{"center":[0,183.899,0],"size":[208.058,208.058,105.011]},"pointables":[],"r":[[0.296611,-0.540021,-0.787654],[0.895013,0.44489,0.0320201],[0.333128,-0.714458,0.615285]],"s":6110.45,"t":[-256143,17363.8,-270915],"timestamp":1379877219632},
{"gestures":[],"hands":[],"id":73289439,"interactionBox":{"center":[0,183.899,0],"size":[208.058,208.058,105.011]},"pointables":[],"r":[[0.296611,-0.540021,-0.787654],[0.895013,0.44489,0.0320201],[0.333128,-0.714458,0.615285]],"s":6110.45,"t":[-256143,17363.8,-270915],"timestamp":1379877229378},
{"gestures":[],"hands":[],"id":73289441,"interactionBox":{"center":[0,183.899,0],"size":[208.058,208.058,105.011]},"pointables":[],"r":[[0.296611,-0.540021,-0.787654],[0.895013,0.44489,0.0320201],[0.333128,-0.714458,0.615285]],"s":6110.45,"t":[-256143,17363.8,-270915],"timestamp":1379877239126},
{"gestures":[],"hands":[],"id":73289443,"interactionBox":{"center":[0,183.899,0],"size":[208.058,208.058,105.011]},"pointables":[],"r":[[0.296611,-0.540021,-0.787654],[0.895013,0.44489,0.0320201],[0.333128,-0.714458,0.615285]],"s":6110.45,"t":[-256143,17363.8,-270915],"timestamp":1379877249290},
{"gestures":[],"hands":[],"id":73289445,"interactionBox":{"center":[0,183.899,0],"size":[208.058,208.058,105.011]},"pointables":[],"r":[[0.296611,-0.540021,-0.787654],[0.895013,0.44489,0.0320201],[0.333128,-0.714458,0.615285]],"s":6110.45,"t":[-256143,17363.8,-270915],"timestamp":1379877258598},
{"gestures":[],"hands":[],"id":73289447,"interactionBox":{"center":[0,183.899,0],"size":[208.058,208.058,105.011]},"pointables":[],"r":[[0.296611,-0.540021,-0.787654],[0.895013,0.44489,0.0320201],[0.333128,-0.714458,0.615285]],"s":6110.45,"t":[-256143,17363.8,-270915],"timestamp":1379877268252},
{"gestures":[],"hands":[],"id":73289449,"interactionBox":{"center":[0,183.899,0],"size":[208.058,208.058,105.011]},"pointables":[],"r":[[0.296611,-0.540021,-0.787654],[0.895013,0.44489,0.0320201],[0.333128,-0.714458,0.615285]],"s":6110.45,"t":[-256143,17363.8,-270915],"timestamp":1379877278013},
{"gestures":[],"hands":[],"id":73289451,"interactionBox":{"center":[0,183.899,0],"size":[208.058,208.058,105.011]},"pointables":[],"r":[[0.296611,-0.540021,-0.787654],[0.895013,0.44489,0.0320201],[0.333128,-0.714458,0.615285]],"s":6110.45,"t":[-256143,17363.8,-270915],"timestamp":1379877287763},
{"gestures":[],"hands":[],"id":73289453,"interactionBox":{"center":[0,183.899,0],"size":[208.058,208.058,105.011]},"pointables":[],"r":[[0.296611,-0.540021,-0.787654],[0.895013,0.44489,0.0320201],[0.333128,-0.714458,0.615285]],"s":6110.45,"t":[-256143,17363.8,-270915],"timestamp":1379877297500},
{"gestures":[],"hands":[],"id":73289455,"interactionBox":{"center":[0,183.899,0],"size":[208.058,208.058,105.011]},"pointables":[],"r":[[0.296611,-0.540021,-0.787654],[0.895013,0.44489,0.0320201],[0.333128,-0.714458,0.615285]],"s":6110.45,"t":[-256143,17363.8,-270915],"timestamp":1379877307235},
{"gestures":[],"hands":[],"id":73289457,"interactionBox":{"center":[0,183.899,0],"size":[208.058,208.058,105.011]},"pointables":[],"r":[[0.296611,-0.540021,-0.787654],[0.895013,0.44489,0.0320201],[0.333128,-0.714458,0.615285]],"s":6110.45,"t":[-256143,17363.8,-270915],"timestamp":1379877316874},
{"gestures":[],"hands":[],"id":73289459,"interactionBox":{"center":[0,183.899,0],"size":[208.058,208.058,105.011]},"pointables":[],"r":[[0.296611,-0.540021,-0.787654],[0.895013,0.44489,0.0320201],[0.333128,-0.714458,0.615285]],"s":6110.45,"t":[-256143,17363.8,-270915],"timestamp":1379877326641},
{"gestures":[],"hands":[],"id":73289461,"interactionBox":{"center":[0,183.899,0],"size":[208.058,208.058,105.011]},"pointables":[],"r":[[0.296611,-0.540021,-0.787654],[0.895013,0.44489,0.0320201],[0.333128,-0.714458,0.615285]],"s":6110.45,"t":[-256143,17363.8,-270915],"timestamp":1379877336325},
{"gestures":[],"hands":[],"id":73289463,"interactionBox":{"center":[0,183.899,0],"size":[208.058,208.058,105.011]},"pointables":[],"r":[[0.296611,-0.540021,-0.787654],[0.895013,0.44489,0.0320201],[0.333128,-0.714458,0.615285]],"s":6110.45,"t":[-256143,17363.8,-270915],"timestamp":1379877346081},
{"gestures":[],"hands":[],"id":73289465,"interactionBox":{"center":[0,183.899,0],"size":[208.058,208.058,105.011]},"pointables":[],"r":[[0.296611,-0.540021,-0.787654],[0.895013,0.44489,0.0320201],[0.333128,-0.714458,0.615285]],"s":6110.45,"t":[-256143,17363.8,-270915],"timestamp":1379877355851},
{"gestures":[],"hands":[],"id":73289467,"interactionBox":{"center":[0,183.899,0],"size":[208.058,208.058,105.011]},"pointables":[],"r":[[0.296611,-0.540021,-0.787654],[0.895013,0.44489,0.0320201],[0.333128,-0.714458,0.615285]],"s":6110.45,"t":[-256143,17363.8,-270915],"timestamp":1379877365510},
{"gestures":[],"hands":[],"id":73289469,"interactionBox":{"center":[0,183.899,0],"size":[208.058,208.058,105.011]},"pointables":[],"r":[[0.296611,-0.540021,-0.787654],[0.895013,0.44489,0.0320201],[0.333128,-0.714458,0.615285]],"s":6110.45,"t":[-256143,17363.8,-270915],"timestamp":1379877375247},
{"gestures":[],"hands":[],"id":73289471,"interactionBox":{"center":[0,183.899,0],"size":[208.058,208.058,105.011]},"pointables":[],"r":[[0.296611,-0.540021,-0.787654],[0.895013,0.44489,0.0320201],[0.333128,-0.714458,0.615285]],"s":6110.45,"t":[-256143,17363.8,-270915],"timestamp":1379877385013},
{"gestures":[],"hands":[],"id":73289473,"interactionBox":{"center":[0,183.899,0],"size":[208.058,208.058,105.011]},"pointables":[],"r":[[0.296611,-0.540021,-0.787654],[0.895013,0.44489,0.0320201],[0.333128,-0.714458,0.615285]],"s":6110.45,"t":[-256143,17363.8,-270915],"timestamp":1379877394761},
{"gestures":[],"hands":[],"id":73289475,"interactionBox":{"center":[0,183.899,0],"size":[208.058,208.058,105.011]},"pointables":[],"r":[[0.296611,-0.540021,-0.787654],[0.895013,0.44489,0.0320201],[0.333128,-0.714458,0.615285]],"s":6110.45,"t":[-256143,17363.8,-270915],"timestamp":1379877404503},
{"gestures":[],"hands":[],"id":73289477,"interactionBox":{"center":[0,183.899,0],"size":[208.058,208.058,105.011]},"pointables":[],"r":[[0.296611,-0.540021,-0.787654],[0.895013,0.44489,0.0320201],[0.333128,-0.714458,0.615285]],"s":6110.45,"t":[-256143,17363.8,-270915],"timestamp":1379877414142},
{"gestures":[],"hands":[],"id":73289479,"interactionBox":{"center":[0,183.899,0],"size":[208.058,208.058,105.011]},"pointables":[],"r":[[0.296611,-0.540021,-0.787654],[0.895013,0.44489,0.0320201],[0.333128,-0.714458,0.615285]],"s":6110.45,"t":[-256143,17363.8,-270915],"timestamp":1379877423858},
{"gestures":[],"hands":[],"id":73289481,"interactionBox":{"center":[0,183.899,0],"size":[208.058,208.058,105.011]},"pointables":[],"r":[[0.296611,-0.540021,-0.787654],[0.895013,0.44489,0.0320201],[0.333128,-0.714458,0.615285]],"s":6110.45,"t":[-256143,17363.8,-270915],"timestamp":1379877433629},
{"gestures":[],"hands":[],"id":73289483,"interactionBox":{"center":[0,183.899,0],"size":[208.058,208.058,105.011]},"pointables":[],"r":[[0.296611,-0.540021,-0.787654],[0.895013,0.44489,0.0320201],[0.333128,-0.714458,0.615285]],"s":6110.45,"t":[-256143,17363.8,-270915],"timestamp":1379877443379},
{"gestures":[],"hands":[],"id":73289485,"interactionBox":{"center":[0,183.899,0],"size":[208.058,208.058,105.011]},"pointables":[],"r":[[0.296611,-0.540021,-0.787654],[0.895013,0.44489,0.0320201],[0.333128,-0.714458,0.615285]],"s":6110.45,"t":[-256143,17363.8,-270915],"timestamp":1379877453024},
{"gestures":[],"hands":[],"id":73289487,"interactionBox":{"center":[0,183.899,0],"size":[208.058,208.058,105.011]},"pointables":[],"r":[[0.296611,-0.540021,-0.787654],[0.895013,0.44489,0.0320201],[0.333128,-0.714458,0.615285]],"s":6110.45,"t":[-256143,17363.8,-270915],"timestamp":1379877462747},
{"gestures":[],"hands":[],"id":73289489,"interactionBox":{"center":[0,183.899,0],"size":[208.058,208.058,105.011]},"pointables":[],"r":[[0.296611,-0.540021,-0.787654],[0.895013,0.44489,0.0320201],[0.333128,-0.714458,0.615285]],"s":6110.45,"t":[-256143,17363.8,-270915],"timestamp":1379877472498},
{"gestures":[],"hands":[],"id":73289491,"interactionBox":{"center":[0,183.899,0],"size":[208.058,208.058,105.011]},"pointables":[],"r":[[0.296611,-0.540021,-0.787654],[0.895013,0.44489,0.0320201],[0.333128,-0.714458,0.615285]],"s":6110.45,"t":[-256143,17363.8,-270915],"timestamp":1379877482252},
{"gestures":[],"hands":[],"id":73289493,"interactionBox":{"center":[0,183.899,0],"size":[208.058,208.058,105.011]},"pointables":[],"r":[[0.296611,-0.540021,-0.787654],[0.895013,0.44489,0.0320201],[0.333128,-0.714458,0.615285]],"s":6110.45,"t":[-256143,17363.8,-270915],"timestamp":1379877492003},
{"gestures":[],"hands":[],"id":73289495,"interactionBox":{"center":[0,183.899,0],"size":[208.058,208.058,105.011]},"pointables":[],"r":[[0.296611,-0.540021,-0.787654],[0.895013,0.44489,0.0320201],[0.333128,-0.714458,0.615285]],"s":6110.45,"t":[-256143,17363.8,-270915],"timestamp":1379877501623},
{"gestures":[],"hands":[],"id":73289497,"interactionBox":{"center":[0,183.899,0],"size":[208.058,208.058,105.011]},"pointables":[],"r":[[0.296611,-0.540021,-0.787654],[0.895013,0.44489,0.0320201],[0.333128,-0.714458,0.615285]],"s":6110.45,"t":[-256143,17363.8,-270915],"timestamp":1379877511374},
{"gestures":[],"hands":[],"id":73289499,"interactionBox":{"center":[0,183.899,0],"size":[208.058,208.058,105.011]},"pointables":[],"r":[[0.296611,-0.540021,-0.787654],[0.895013,0.44489,0.0320201],[0.333128,-0.714458,0.615285]],"s":6110.45,"t":[-256143,17363.8,-270915],"timestamp":1379877521125},
{"gestures":[],"hands":[],"id":73289501,"interactionBox":{"center":[0,183.899,0],"size":[208.058,208.058,105.011]},"pointables":[],"r":[[0.296611,-0.540021,-0.787654],[0.895013,0.44489,0.0320201],[0.333128,-0.714458,0.615285]],"s":6110.45,"t":[-256143,17363.8,-270915],"timestamp":1379877530874},
{"gestures":[],"hands":[],"id":73289503,"interactionBox":{"center":[0,183.899,0],"size":[208.058,208.058,105.011]},"pointables":[],"r":[[0.296611,-0.540021,-0.787654],[0.895013,0.44489,0.0320201],[0.333128,-0.714458,0.615285]],"s":6110.45,"t":[-256143,17363.8,-270915],"timestamp":1379877540643},
{"gestures":[],"hands":[],"id":73289505,"interactionBox":{"center":[0,183.899,0],"size":[208.058,208.058,105.011]},"pointables":[],"r":[[0.296611,-0.540021,-0.787654],[0.895013,0.44489,0.0320201],[0.333128,-0.714458,0.615285]],"s":6110.45,"t":[-256143,17363.8,-270915],"timestamp":1379877550224},
{"gestures":[],"hands":[],"id":73289507,"interactionBox":{"center":[0,183.899,0],"size":[208.058,208.058,105.011]},"pointables":[],"r":[[0.296611,-0.540021,-0.787654],[0.895013,0.44489,0.0320201],[0.333128,-0.714458,0.615285]],"s":6110.45,"t":[-256143,17363.8,-270915],"timestamp":1379877559998},
{"gestures":[],"hands":[],"id":73289509,"interactionBox":{"center":[0,183.899,0],"size":[208.058,208.058,105.011]},"pointables":[],"r":[[0.296611,-0.540021,-0.787654],[0.895013,0.44489,0.0320201],[0.333128,-0.714458,0.615285]],"s":6110.45,"t":[-256143,17363.8,-270915],"timestamp":1379877569760},
{"gestures":[],"hands":[],"id":73289511,"interactionBox":{"center":[0,183.899,0],"size":[208.058,208.058,105.011]},"pointables":[],"r":[[0.296611,-0.540021,-0.787654],[0.895013,0.44489,0.0320201],[0.333128,-0.714458,0.615285]],"s":6110.45,"t":[-256143,17363.8,-270915],"timestamp":1379877579773},
{"gestures":[],"hands":[],"id":73289513,"interactionBox":{"center":[0,183.899,0],"size":[208.058,208.058,105.011]},"pointables":[],"r":[[0.296611,-0.540021,-0.787654],[0.895013,0.44489,0.0320201],[0.333128,-0.714458,0.615285]],"s":6110.45,"t":[-256143,17363.8,-270915],"timestamp":1379877589223},
{"gestures":[],"hands":[],"id":73289515,"interactionBox":{"center":[0,183.899,0],"size":[208.058,208.058,105.011]},"pointables":[],"r":[[0.296611,-0.540021,-0.787654],[0.895013,0.44489,0.0320201],[0.333128,-0.714458,0.615285]],"s":6110.45,"t":[-256143,17363.8,-270915],"timestamp":1379877598848},
{"gestures":[],"hands":[],"id":73289517,"interactionBox":{"center":[0,183.899,0],"size":[208.058,208.058,105.011]},"pointables":[],"r":[[0.296611,-0.540021,-0.787654],[0.895013,0.44489,0.0320201],[0.333128,-0.714458,0.615285]],"s":6110.45,"t":[-256143,17363.8,-270915],"timestamp":1379877608634},
{"gestures":[],"hands":[],"id":73289519,"interactionBox":{"center":[0,183.899,0],"size":[208.058,208.058,105.011]},"pointables":[],"r":[[0.296611,-0.540021,-0.787654],[0.895013,0.44489,0.0320201],[0.333128,-0.714458,0.615285]],"s":6110.45,"t":[-256143,17363.8,-270915],"timestamp":1379877618386},
{"gestures":[],"hands":[],"id":73289521,"interactionBox":{"center":[0,183.899,0],"size":[208.058,208.058,105.011]},"pointables":[],"r":[[0.296611,-0.540021,-0.787654],[0.895013,0.44489,0.0320201],[0.333128,-0.714458,0.615285]],"s":6110.45,"t":[-256143,17363.8,-270915],"timestamp":1379877628153},
{"gestures":[],"hands":[],"id":73289523,"interactionBox":{"center":[0,183.899,0],"size":[208.058,208.058,105.011]},"pointables":[],"r":[[0.296611,-0.540021,-0.787654],[0.895013,0.44489,0.0320201],[0.333128,-0.714458,0.615285]],"s":6110.45,"t":[-256143,17363.8,-270915],"timestamp":1379877637725},
{"gestures":[],"hands":[],"id":73289525,"interactionBox":{"center":[0,183.899,0],"size":[208.058,208.058,105.011]},"pointables":[],"r":[[0.296611,-0.540021,-0.787654],[0.895013,0.44489,0.0320201],[0.333128,-0.714458,0.615285]],"s":6110.45,"t":[-256143,17363.8,-270915],"timestamp":1379877647507},
{"gestures":[],"hands":[],"id":73289527,"interactionBox":{"center":[0,183.899,0],"size":[208.058,208.058,105.011]},"pointables":[],"r":[[0.296611,-0.540021,-0.787654],[0.895013,0.44489,0.0320201],[0.333128,-0.714458,0.615285]],"s":6110.45,"t":[-256143,17363.8,-270915],"timestamp":1379877657238},
{"gestures":[],"hands":[],"id":73289529,"interactionBox":{"center":[0,183.899,0],"size":[208.058,208.058,105.011]},"pointables":[],"r":[[0.296611,-0.540021,-0.787654],[0.895013,0.44489,0.0320201],[0.333128,-0.714458,0.615285]],"s":6110.45,"t":[-256143,17363.8,-270915],"timestamp":1379877667045},
{"gestures":[],"hands":[],"id":73289531,"interactionBox":{"center":[0,183.899,0],"size":[208.058,208.058,105.011]},"pointables":[],"r":[[0.296611,-0.540021,-0.787654],[0.895013,0.44489,0.0320201],[0.333128,-0.714458,0.615285]],"s":6110.45,"t":[-256143,17363.8,-270915],"timestamp":1379877676725},
{"gestures":[],"hands":[],"id":73289533,"interactionBox":{"center":[0,183.899,0],"size":[208.058,208.058,105.011]},"pointables":[],"r":[[0.296611,-0.540021,-0.787654],[0.895013,0.44489,0.0320201],[0.333128,-0.714458,0.615285]],"s":6110.45,"t":[-256143,17363.8,-270915],"timestamp":1379877686373},
{"gestures":[],"hands":[],"id":73289535,"interactionBox":{"center":[0,183.899,0],"size":[208.058,208.058,105.011]},"pointables":[],"r":[[0.296611,-0.540021,-0.787654],[0.895013,0.44489,0.0320201],[0.333128,-0.714458,0.615285]],"s":6110.45,"t":[-256143,17363.8,-270915],"timestamp":1379877696126},
{"gestures":[],"hands":[],"id":73289537,"interactionBox":{"center":[0,183.899,0],"size":[208.058,208.058,105.011]},"pointables":[],"r":[[0.296611,-0.540021,-0.787654],[0.895013,0.44489,0.0320201],[0.333128,-0.714458,0.615285]],"s":6110.45,"t":[-256143,17363.8,-270915],"timestamp":1379877705887},
{"gestures":[],"hands":[],"id":73289539,"interactionBox":{"center":[0,183.899,0],"size":[208.058,208.058,105.011]},"pointables":[],"r":[[0.296611,-0.540021,-0.787654],[0.895013,0.44489,0.0320201],[0.333128,-0.714458,0.615285]],"s":6110.45,"t":[-256143,17363.8,-270915],"timestamp":1379877715627},
{"gestures":[],"hands":[],"id":73289541,"interactionBox":{"center":[0,183.899,0],"size":[208.058,208.058,105.011]},"pointables":[],"r":[[0.296611,-0.540021,-0.787654],[0.895013,0.44489,0.0320201],[0.333128,-0.714458,0.615285]],"s":6110.45,"t":[-256143,17363.8,-270915],"timestamp":1379877725385},
{"gestures":[],"hands":[],"id":73289543,"interactionBox":{"center":[0,183.899,0],"size":[208.058,208.058,105.011]},"pointables":[],"r":[[0.296611,-0.540021,-0.787654],[0.895013,0.44489,0.0320201],[0.333128,-0.714458,0.615285]],"s":6110.45,"t":[-256143,17363.8,-270915],"timestamp":1379877735009},
{"gestures":[],"hands":[],"id":73289545,"interactionBox":{"center":[0,183.899,0],"size":[208.058,208.058,105.011]},"pointables":[],"r":[[0.296611,-0.540021,-0.787654],[0.895013,0.44489,0.0320201],[0.333128,-0.714458,0.615285]],"s":6110.45,"t":[-256143,17363.8,-270915],"timestamp":1379877744763},
{"gestures":[],"hands":[],"id":73289547,"interactionBox":{"center":[0,183.899,0],"size":[208.058,208.058,105.011]},"pointables":[],"r":[[0.296611,-0.540021,-0.787654],[0.895013,0.44489,0.0320201],[0.333128,-0.714458,0.615285]],"s":6110.45,"t":[-256143,17363.8,-270915],"timestamp":1379877754507},
{"gestures":[],"hands":[],"id":73289549,"interactionBox":{"center":[0,183.899,0],"size":[208.058,208.058,105.011]},"pointables":[],"r":[[0.296611,-0.540021,-0.787654],[0.895013,0.44489,0.0320201],[0.333128,-0.714458,0.615285]],"s":6110.45,"t":[-256143,17363.8,-270915],"timestamp":1379877764248},
{"gestures":[],"hands":[],"id":73289551,"interactionBox":{"center":[0,183.899,0],"size":[208.058,208.058,105.011]},"pointables":[],"r":[[0.296611,-0.540021,-0.787654],[0.895013,0.44489,0.0320201],[0.333128,-0.714458,0.615285]],"s":6110.45,"t":[-256143,17363.8,-270915],"timestamp":1379877774001},
{"gestures":[],"hands":[],"id":73289553,"interactionBox":{"center":[0,183.899,0],"size":[208.058,208.058,105.011]},"pointables":[],"r":[[0.296611,-0.540021,-0.787654],[0.895013,0.44489,0.0320201],[0.333128,-0.714458,0.615285]],"s":6110.45,"t":[-256143,17363.8,-270915],"timestamp":1379877783643},
{"gestures":[],"hands":[],"id":73289555,"interactionBox":{"center":[0,183.899,0],"size":[208.058,208.058,105.011]},"pointables":[],"r":[[0.296611,-0.540021,-0.787654],[0.895013,0.44489,0.0320201],[0.333128,-0.714458,0.615285]],"s":6110.45,"t":[-256143,17363.8,-270915],"timestamp":1379877793374},
{"gestures":[],"hands":[],"id":73289557,"interactionBox":{"center":[0,183.899,0],"size":[208.058,208.058,105.011]},"pointables":[],"r":[[0.296611,-0.540021,-0.787654],[0.895013,0.44489,0.0320201],[0.333128,-0.714458,0.615285]],"s":6110.45,"t":[-256143,17363.8,-270915],"timestamp":1379877803124},
{"gestures":[],"hands":[],"id":73289559,"interactionBox":{"center":[0,183.899,0],"size":[208.058,208.058,105.011]},"pointables":[],"r":[[0.296611,-0.540021,-0.787654],[0.895013,0.44489,0.0320201],[0.333128,-0.714458,0.615285]],"s":6110.45,"t":[-256143,17363.8,-270915],"timestamp":1379877812822},
{"gestures":[],"hands":[],"id":73289561,"interactionBox":{"center":[0,183.899,0],"size":[208.058,208.058,105.011]},"pointables":[],"r":[[0.296611,-0.540021,-0.787654],[0.895013,0.44489,0.0320201],[0.333128,-0.714458,0.615285]],"s":6110.45,"t":[-256143,17363.8,-270915],"timestamp":1379877822623},
{"gestures":[],"hands":[],"id":73289563,"interactionBox":{"center":[0,183.899,0],"size":[208.058,208.058,105.011]},"pointables":[],"r":[[0.296611,-0.540021,-0.787654],[0.895013,0.44489,0.0320201],[0.333128,-0.714458,0.615285]],"s":6110.45,"t":[-256143,17363.8,-270915],"timestamp":1379877832253},
{"gestures":[],"hands":[],"id":73289565,"interactionBox":{"center":[0,183.899,0],"size":[208.058,208.058,105.011]},"pointables":[],"r":[[0.296611,-0.540021,-0.787654],[0.895013,0.44489,0.0320201],[0.333128,-0.714458,0.615285]],"s":6110.45,"t":[-256143,17363.8,-270915],"timestamp":1379877841999},
{"gestures":[],"hands":[],"id":73289567,"interactionBox":{"center":[0,183.899,0],"size":[208.058,208.058,105.011]},"pointables":[],"r":[[0.296611,-0.540021,-0.787654],[0.895013,0.44489,0.0320201],[0.333128,-0.714458,0.615285]],"s":6110.45,"t":[-256143,17363.8,-270915],"timestamp":1379877851730},
{"gestures":[],"hands":[],"id":73289569,"interactionBox":{"center":[0,183.899,0],"size":[208.058,208.058,105.011]},"pointables":[],"r":[[0.296611,-0.540021,-0.787654],[0.895013,0.44489,0.0320201],[0.333128,-0.714458,0.615285]],"s":6110.45,"t":[-256143,17363.8,-270915],"timestamp":1379877861512},
{"gestures":[],"hands":[],"id":73289571,"interactionBox":{"center":[0,183.899,0],"size":[208.058,208.058,105.011]},"pointables":[],"r":[[0.296611,-0.540021,-0.787654],[0.895013,0.44489,0.0320201],[0.333128,-0.714458,0.615285]],"s":6110.45,"t":[-256143,17363.8,-270915],"timestamp":1379877871144},
{"gestures":[],"hands":[],"id":73289573,"interactionBox":{"center":[0,183.899,0],"size":[208.058,208.058,105.011]},"pointables":[],"r":[[0.296611,-0.540021,-0.787654],[0.895013,0.44489,0.0320201],[0.333128,-0.714458,0.615285]],"s":6110.45,"t":[-256143,17363.8,-270915],"timestamp":1379877880876},
{"gestures":[],"hands":[],"id":73289575,"interactionBox":{"center":[0,183.899,0],"size":[208.058,208.058,105.011]},"pointables":[],"r":[[0.296611,-0.540021,-0.787654],[0.895013,0.44489,0.0320201],[0.333128,-0.714458,0.615285]],"s":6110.45,"t":[-256143,17363.8,-270915],"timestamp":1379877890628},
{"gestures":[],"hands":[],"id":73289577,"interactionBox":{"center":[0,183.899,0],"size":[208.058,208.058,105.011]},"pointables":[],"r":[[0.296611,-0.540021,-0.787654],[0.895013,0.44489,0.0320201],[0.333128,-0.714458,0.615285]],"s":6110.45,"t":[-256143,17363.8,-270915],"timestamp":1379877900389},
