[
{"gestures":[],"hands":[{"direction":[0.52658,0.432199,-0.732064],"id":3,"palmNormal":[0.24668,-0.901756,-0.354944],"palmPosition":[-65.4174,161.067,57.4487],"palmVelocity":[55.8481,11.6233,-27.3581],"r":[[0.819299,0.332755,0.466928],[-0.249702,0.940155,-0.231857],[-0.516137,0.0733677,0.853358]],"s":0.818603,"sphereCenter":[-58.0275,160.819,25.5495],"sphereRadius":54.9408,"t":[145.618,-70.7495,-172.685]}],"id":37160,"pointables":[{"direction":[0.842782,-0.0563611,0.535296],"handId":2,"id":1,"length":31.4317,"tipPosition":[-255.551,147.721,-191.03],"tipVelocity":[-37.9064,22.383,-23.8888],"tool":false},{"direction":[0.355563,-0.0571566,-0.932903],"handId":3,"id":5,"length":80.2603,"tipPosition":[-29.8295,185.606,-38.3767],"tipVelocity":[69.47,21.0683,-45.6292],"tool":false},{"direction":[0.463007,0.168002,-0.870287],"handId":3,"id":4,"length":58.2925,"tipPosition":[-0.204464,196.163,3.03337],"tipVelocity":[88.4179,24.5672,-40.6955],"tool":true,"width":19.3714}],"r":[[-0.800399,-0.426928,-0.420825],[-0.569345,0.761112,0.310732],[0.187635,0.488304,-0.852263]],"s":0.737863,"t":[19.3933,198.128,464.16],"timestamp":187521355},
{"gestures":[{"center":[-63.9593,195.966,-61.5903],"duration":748863,"handIds":[4],"id":12,"normal":[-0.806338,0.332501,0.489144],"pointableIds":[1],"progress":1.35871,"radius":33.888,"state":"stop","type":"circle"}],"hands":[{"direction":[0.525993,0.434783,-0.730955],"id":3,"palmNormal":[0.237987,-0.900362,-0.364294],"palmPosition":[-63.4368,162.022,56.2765],"palmVelocity":[48.5538,23.4012,-28.7354],"r":[[0.818143,0.334588,0.467645],[-0.250259,0.939403,-0.234292],[-0.517699,0.0746516,0.8523]],"s":0.825869,"sphereCenter":[-55.8422,161.093,23.9147],"sphereRadius":55.047,"t":[147.375,-69.9875,-173.824]}],"id":37165,"pointables":[{"direction":[0.858844,0.086166,0.504938],"handId":-1,"id":1,"length":31.4317,"tipPosition":[-254.884,147.359,-190.647],"tipVelocity":[16.3515,-8.88119,9.40416],"tool":false},{"direction":[0.353699,-0.0562159,-0.933668],"handId":3,"id":5,"length":79.8132,"tipPosition":[-28.4017,187.192,-40.1834],"tipVelocity":[35.002,38.8747,-44.2895],"tool":false},{"direction":[0.464365,0.171882,-0.868805],"handId":3,"id":4,"length":58.0981,"tipPosition":[1.95213,197.322,1.9464],"tipVelocity":[52.8682,28.4145,-26.6465],"tool":true,"width":19.429}],"r":[[-0.79998,-0.421984,-0.42657],[-0.567933,0.761904,0.311375],[0.19361,0.491357,-0.849166]],"s":0.740452,"t":[20.8976,198.79,463.232],"timestamp":187562147},
{"gestures":[],"hands":[{"direction":[0.520991,0.441242,-0.730667],"id":3,"palmNormal":[0.232495,-0.897012,-0.375919],"palmPosition":[-61.2459,163.018,54.7446],"palmVelocity":[135.527,61.6167,-94.7637],"r":[[0.816784,0.336122,0.468921],[-0.250844,0.938816,-0.236012],[-0.519559,0.0751446,0.851124]],"s":0.837482,"sphereCenter":[-54.0009,162.366,22.1324],"sphereRadius":54.9149,"t":[149.067,-68.9488,-175.308]}],"id":37169,"pointables":[{"direction":[0.860771,0.009401,0.508905],"handId":2,"id":1,"length":31.5259,"tipPosition":[-254.378,146.988,-190.31],"tipVelocity":[31.2622,-22.937,20.7916],"tool":false},{"direction":[0.350639,-0.0554246,-0.934869],"handId":3,"id":5,"length":79.359,"tipPosition":[-27.217,188.361,-42.4276],"tipVelocity":[73.2821,72.2997,-138.823],"tool":false},{"direction":[0.465411,0.176182,-0.867382],"handId":3,"id":4,"length":58.0919,"tipPosition":[4.02319,198.784,0.531437],"tipVelocity":[128.112,90.4273,-87.5274],"tool":true,"width":19.4354}],"r":[[-0.798854,-0.417829,-0.432725],[-0.567258,0.762622,0.310846],[0.200125,0.493788,-0.846241]],"s":0.742238,"t":[22.242,199.705,462.061],"timestamp":187578313},
{"gestures":[],"hands":[{"direction":[0.516069,0.448356,-0.729829],"id":3,"palmNormal":[0.219665,-0.89284,-0.393172],"palmPosition":[-59.4864,164.032,53.3405],"palmVelocity":[90.8426,52.3557,-72.4893],"r":[[0.814988,0.337215,0.471254],[-0.251537,0.938495,-0.236549],[-0.522038,0.0742469,0.849685]],"s":0.851342,"sphereCenter":[-54.1267,166.743,20.8012],"sphereRadius":55.3298,"t":[150.538,-67.9185,-176.941]}],"id":37173,"pointables":[{"direction":[0.859697,-0.00346933,0.510793],"handId":-1,"id":1,"length":31.5259,"tipPosition":[-256.226,148.231,-191.884],"tipVelocity":[-95.3978,64.1913,-81.2609],"tool":false},{"direction":[0.347314,-0.0551134,-0.936128],"handId":3,"id":5,"length":78.931,"tipPosition":[-26.4419,189.161,-44.503],"tipVelocity":[40.0178,41.3285,-107.15],"tool":false},{"direction":[0.465972,0.179337,-0.866434],"handId":3,"id":4,"length":58.0396,"tipPosition":[5.74827,200.027,-0.957928],"tipVelocity":[89.0637,64.1819,-76.8943],"tool":true,"width":19.4336}],"r":[[-0.797895,-0.413544,-0.438571],[-0.566389,0.763351,0.310643],[0.206319,0.496262,-0.843301]],"s":0.745846,"t":[23.3018,200.784,460.689],"timestamp":187597682},
{"gestures":[],"hands":[{"direction":[0.511876,0.455141,-0.728581],"id":3,"palmNormal":[0.213221,-0.888888,-0.405482],"palmPosition":[-57.7473,165.077,51.5267],"palmVelocity":[177.798,106.881,-185.438],"r":[[0.812946,0.337273,0.474727],[-0.252269,0.938709,-0.234915],[-0.524861,0.0712144,0.848204]],"s":0.86782,"sphereCenter":[-53.8499,170.322,19.2189],"sphereRadius":55.4258,"t":[151.763,-67.0002,-178.841]}],"id":37175,"pointables":[{"direction":[0.861586,0.0310098,0.506663],"handId":-1,"id":1,"length":31.5259,"tipPosition":[-255.775,148.15,-191.625],"tipVelocity":[46.1639,-8.29413,26.5037],"tool":false},{"direction":[0.343409,-0.055723,-0.937531],"handId":3,"id":5,"length":78.5989,"tipPosition":[-26.0059,189.539,-47.0001],"tipVelocity":[44.5737,38.638,-255.303],"tool":false},{"direction":[0.466442,0.182978,-0.865419],"handId":3,"id":4,"length":58.1516,"tipPosition":[7.26899,201.262,-2.79258],"tipVelocity":[155.477,126.258,-187.573],"tool":true,"width":19.4144}],"r":[[-0.796523,-0.409688,-0.444643],[-0.565915,0.764055,0.309776],[0.21282,0.498373,-0.840435]],"s":0.747638,"t":[24.0574,201.512,459.085],"timestamp":187607463},
{"gestures":[],"hands":[{"direction":[0.507831,0.457707,-0.729803],"id":3,"palmNormal":[0.20251,-0.886861,-0.415292],"palmPosition":[-56.4698,165.936,49.9004],"palmVelocity":[130.315,87.6137,-165.901],"r":[[0.810495,0.336263,0.47961],[-0.253112,0.939468,-0.230942],[-0.528236,0.0657826,0.846546]],"s":0.884283,"sphereCenter":[-53.5861,173.32,17.6455],"sphereRadius":55.6773,"t":[152.737,-66.2458,-180.84]}],"id":37177,"pointables":[{"direction":[0.858922,0.0299958,0.511228],"handId":-1,"id":1,"length":31.5259,"tipPosition":[-254.741,147.707,-190.942],"tipVelocity":[105.479,-45.2547,69.676],"tool":false},{"direction":[0.339188,-0.0577554,-0.938944],"handId":3,"id":5,"length":78.2416,"tipPosition":[-25.7761,189.641,-49.2228],"tipVelocity":[23.4402,10.3574,-226.731],"tool":false},{"direction":[0.466,0.186587,-0.864887],"handId":3,"id":4,"length":58.1231,"tipPosition":[8.48743,202.341,-4.76785],"tipVelocity":[124.292,110.103,-201.497],"tool":true,"width":19.4221}],"r":[[-0.794727,-0.40635,-0.450876],[-0.565865,0.764728,0.308202],[0.21956,0.500071,-0.837689]],"s":0.747312,"t":[24.9523,201.927,457.295],"timestamp":187617266},
{"gestures":[],"hands":[{"direction":[0.501931,0.460146,-0.732346],"id":3,"palmNormal":[0.195129,-0.885148,-0.422418],"palmPosition":[-55.4176,166.698,48.0643],"palmVelocity":[108.728,78.7128,-189.721],"r":[[0.808014,0.334224,0.485188],[-0.253948,0.940667,-0.225067],[-0.531623,0.0586446,0.844948]],"s":0.900796,"sphereCenter":[-53.2373,175.732,15.9186],"sphereRadius":55.6939,"t":[153.448,-65.586,-182.917]}],"id":37179,"pointables":[{"direction":[0.85783,0.0506822,0.511428],"handId":-1,"id":1,"length":31.5259,"tipPosition":[-254.336,147.654,-190.744],"tipVelocity":[41.7675,-5.45166,20.466],"tool":false},{"direction":[0.334786,-0.0588634,-0.940454],"handId":3,"id":5,"length":77.9466,"tipPosition":[-25.7694,189.696,-51.5447],"tipVelocity":[0.697711,5.70423,-239.923],"tool":false},{"direction":[0.466269,0.190324,-0.863927],"handId":3,"id":4,"length":58.1595,"tipPosition":[9.37514,203.416,-6.7561],"tipVelocity":[91.7244,111.104,-205.44],"tool":true,"width":19.3959}],"r":[[-0.792748,-0.403288,-0.457066],[-0.565987,0.76539,0.306329],[0.226295,0.501535,-0.835017]],"s":0.745977,"t":[25.6018,202.162,455.407],"timestamp":187626944},
{"gestures":[],"hands":[{"direction":[0.497459,0.459723,-0.735656],"id":3,"palmNormal":[0.185203,-0.884762,-0.427664],"palmPosition":[-54.6134,167.375,46.025],"palmVelocity":[83.7255,70.5134,-212.317],"r":[[0.805609,0.331079,0.491305],[-0.25475,0.942284,-0.217262],[-0.53488,0.0498681,0.843455]],"s":0.917673,"sphereCenter":[-52.7057,177.025,14.0266],"sphereRadius":55.6606,"t":[153.901,-65.0966,-185.093]}],"id":37181,"pointables":[{"direction":[0.857887,0.0706468,0.508959],"handId":-1,"id":1,"length":31.5259,"tipPosition":[-254.228,147.69,-190.733],"tipVelocity":[11.265,3.79373,1.13944],"tool":false},{"direction":[0.330035,-0.0617528,-0.941947],"handId":3,"id":5,"length":77.7157,"tipPosition":[-26.0241,189.421,-53.997],"tipVelocity":[-26.5202,-28.6428,-255.308],"tool":false},{"direction":[0.465871,0.194085,-0.863305],"handId":3,"id":4,"length":58.2004,"tipPosition":[10.0183,204.33,-8.85004],"tipVelocity":[66.965,95.084,-218.005],"tool":true,"width":19.3797}],"r":[[-0.790717,-0.400319,-0.463153],[-0.566127,0.766059,0.304389],[0.23295,0.502889,-0.832368]],"s":0.743972,"t":[25.9807,202.298,453.415],"timestamp":187636549},
{"gestures":[],"hands":[{"direction":[0.490493,0.456318,-0.742422],"id":3,"palmNormal":[0.18619,-0.887147,-0.422261],"palmPosition":[-54.2722,168.257,43.2443],"palmVelocity":[17.4354,45.041,-142.089],"r":[[0.803126,0.327075,0.498007],[-0.2556,0.944165,-0.207897],[-0.538198,0.0396768,0.841884]],"s":0.936851,"sphereCenter":[-52.2248,178.014,11.7166],"sphereRadius":55.6321,"t":[153.958,-64.6954,-187.733]}],"id":37185,"pointables":[{"direction":[0.862439,0.152845,0.482533],"handId":-1,"id":1,"length":31.5259,"tipPosition":[-254.009,147.526,-190.688],"tipVelocity":[11.2243,-8.38726,2.32534],"tool":false},{"direction":[0.324474,-0.0662517,-0.943571],"handId":3,"id":5,"length":77.4879,"tipPosition":[-26.9773,189.062,-57.4108],"tipVelocity":[-48.7076,-18.3585,-174.444],"tool":false},{"direction":[0.46505,0.197052,-0.863075],"handId":3,"id":4,"length":58.2794,"tipPosition":[10.2954,205.314,-11.648],"tipVelocity":[14.1577,50.3238,-142.972],"tool":true,"width":19.3748}],"r":[[-0.78847,-0.397426,-0.469434],[-0.566381,0.766752,0.302166],[0.239851,0.504127,-0.829655]],"s":0.740563,"t":[26.2799,202.284,451.021],"timestamp":187656119},
{"gestures":[],"hands":[{"direction":[0.483717,0.451709,-0.749651],"id":3,"palmNormal":[0.187865,-0.890147,-0.415145],"palmPosition":[-54.1756,169.184,40.3468],"palmVelocity":[9.92204,95.3249,-297.789],"r":[[0.800278,0.32299,0.505206],[-0.256656,0.945959,-0.198214],[-0.541925,0.0289622,0.839927]],"s":0.957215,"sphereCenter":[-52.4689,179.843,9.46771],"sphereRadius":55.7305,"t":[153.678,-64.3229,-190.634]}],"id":37187,"pointables":[{"direction":[0.861707,0.138834,0.488043],"handId":-1,"id":1,"length":31.5259,"tipPosition":[-253.098,147.136,-190.081],"tipVelocity":[93.5439,-40.1058,62.2951],"tool":false},{"direction":[0.318249,-0.0700975,-0.945412],"handId":3,"id":5,"length":77.2425,"tipPosition":[-28.2505,188.872,-60.8481],"tipVelocity":[-130.85,-19.5276,-353.259],"tool":false},{"direction":[0.464733,0.200033,-0.86256],"handId":3,"id":4,"length":58.3528,"tipPosition":[10.3353,206.192,-14.5343],"tipVelocity":[4.10522,90.2248,-296.643],"tool":true,"width":19.3638}],"r":[[-0.785889,-0.394755,-0.475969],[-0.566868,0.767447,0.299476],[0.247061,0.505167,-0.826902]],"s":0.735071,"t":[26.4495,202.182,448.38],"timestamp":187665849},
{"gestures":[],"hands":[{"direction":[0.472849,0.448549,-0.758431],"id":3,"palmNormal":[0.195799,-0.892703,-0.405888],"palmPosition":[-54.1608,170.16,37.3136],"palmVelocity":[1.53344,100.513,-312.383],"r":[[0.796694,0.319278,0.513167],[-0.258105,0.947491,-0.188792],[-0.546498,0.0179586,0.837268]],"s":0.977975,"sphereCenter":[-53.0336,182.407,7.06381],"sphereRadius":55.9608,"t":[153.114,-63.9244,-193.823]}],"id":37189,"pointables":[{"direction":[0.869939,0.0612789,0.489337],"handId":2,"id":1,"length":33.2215,"tipPosition":[-253.229,147.087,-190.026],"tipVelocity":[-13.4531,-5.01508,5.6732],"tool":false},{"direction":[0.311486,-0.0733448,-0.947416],"handId":3,"id":5,"length":77.0176,"tipPosition":[-29.8303,188.845,-64.5159],"tipVelocity":[-162.707,-2.7252,-377.739],"tool":false},{"direction":[0.463587,0.202887,-0.86251],"handId":3,"id":4,"length":58.4492,"tipPosition":[10.2199,207.068,-17.8197],"tipVelocity":[-11.8947,90.153,-338.347],"tool":true,"width":19.3495}],"r":[[-0.783117,-0.391972,-0.482789],[-0.567367,0.768186,0.296624],[0.254604,0.50621,-0.823971]],"s":0.728869,"t":[26.469,202.117,445.417],"timestamp":187675559},
{"gestures":[],"hands":[{"direction":[0.462694,0.441824,-0.768574],"id":3,"palmNormal":[0.20364,-0.896745,-0.39291],"palmPosition":[-54.4855,171.003,34.3763],"palmVelocity":[-33.7443,87.5806,-305.235],"r":[[0.79213,0.316368,0.52196],[-0.260078,0.94861,-0.18027],[-0.552168,0.00704708,0.833703]],"s":0.997946,"sphereCenter":[-53.8737,184.559,4.72166],"sphereRadius":56.2447,"t":[152.27,-63.484,-197.147]}],"id":37191,"pointables":[{"direction":[0.868372,0.0755335,0.490127],"handId":-1,"id":1,"length":33.2215,"tipPosition":[-253.858,147.514,-190.554],"tipVelocity":[-65.3132,44.3127,-54.8546],"tool":false},{"direction":[0.304058,-0.0769435,-0.949541],"handId":3,"id":5,"length":76.7668,"tipPosition":[-31.7028,189.015,-68.0491],"tipVelocity":[-194.58,17.6586,-367.164],"tool":false},{"direction":[0.462518,0.206506,-0.862225],"handId":3,"id":4,"length":58.4885,"tipPosition":[9.8433,207.863,-21.2036],"tipVelocity":[-39.1302,82.5939,-351.645],"tool":true,"width":19.3494}],"r":[[-0.78039,-0.388998,-0.489562],[-0.567708,0.768957,0.29396],[0.262103,0.507332,-0.820924]],"s":0.722581,"t":[26.1645,202.298,442.244],"timestamp":187685182},
{"gestures":[],"hands":[{"direction":[0.449516,0.430979,-0.782427],"id":3,"palmNormal":[0.223273,-0.902318,-0.368744],"palmPosition":[-55.0876,171.903,30.0646],"palmVelocity":[-30.2878,45.279,-216.887],"r":[[0.786021,0.315584,0.53158],[-0.262892,0.948894,-0.174606],[-0.559516,-0.0025043,0.828815]],"s":1.0199,"sphereCenter":[-54.1276,185.76,1.50701],"sphereRadius":56.002,"t":[150.875,-62.7981,-201.042]}],"id":37195,"pointables":[{"direction":[0.86887,0.113454,0.481864],"handId":-1,"id":1,"length":33.2215,"tipPosition":[-254.075,147.655,-190.768],"tipVelocity":[-10.9439,7.12444,-10.7696],"tool":false},{"direction":[0.294641,-0.0796104,-0.952286],"handId":3,"id":5,"length":76.5069,"tipPosition":[-34.7536,189.907,-72.7978],"tipVelocity":[-153.462,44.8461,-238.866],"tool":false},{"direction":[0.460291,0.209633,-0.862662],"handId":3,"id":4,"length":58.4611,"tipPosition":[8.99952,208.834,-25.3901],"tipVelocity":[-42.4435,48.8416,-210.588],"tool":true,"width":19.3209}],"r":[[-0.777292,-0.386057,-0.496767],[-0.568221,0.769742,0.290899],[0.270079,0.508386,-0.81768]],"s":0.714594,"t":[25.5904,202.835,438.564],"timestamp":187705062},
{"gestures":[],"hands":[{"direction":[0.440892,0.414102,-0.796325],"id":3,"palmNormal":[0.244186,-0.909086,-0.337544],"palmPosition":[-55.6531,172.661,25.7183],"palmVelocity":[-60.3514,80.8119,-463.801],"r":[[0.778349,0.317098,0.54187],[-0.266508,0.948336,-0.172143],[-0.56846,-0.0104252,0.822645]],"s":1.04281,"sphereCenter":[-52.4967,184.181,-2.34336],"sphereRadius":55.5585,"t":[149.141,-61.8872,-205.194]}],"id":37197,"pointables":[{"direction":[0.867341,0.11479,0.484296],"handId":-1,"id":1,"length":33.2215,"tipPosition":[-254.213,147.829,-190.91],"tipVelocity":[-14.695,18.4994,-15.1087],"tool":false},{"direction":[0.284186,-0.0818937,-0.955265],"handId":3,"id":5,"length":76.2119,"tipPosition":[-37.9808,191.183,-77.4483],"tipVelocity":[-344.384,136.254,-496.269],"tool":false},{"direction":[0.456807,0.213455,-0.863577],"handId":3,"id":4,"length":58.4801,"tipPosition":[8.08313,209.829,-29.5542],"tipVelocity":[-97.7908,106.216,-444.367],"tool":true,"width":19.2763}],"r":[[-0.773812,-0.383228,-0.504333],[-0.568929,0.770525,0.287422],[0.278452,0.50934,-0.814271]],"s":0.705234,"t":[24.8451,203.601,434.642],"timestamp":187714433},
{"gestures":[],"hands":[{"direction":[0.428535,0.395977,-0.812133],"id":3,"palmNormal":[0.267146,-0.914191,-0.304775],"palmPosition":[-56.3099,173.529,21.7142],"palmVelocity":[-67.7965,89.667,-413.353],"r":[[0.76929,0.321324,0.552217],[-0.2708,0.946836,-0.173695],[-0.578671,-0.0159188,0.815406]],"s":1.06576,"sphereCenter":[-51.64,183.252,-6.15022],"sphereRadius":55.2381,"t":[147.188,-60.7086,-209.322]}],"id":37199,"pointables":[{"direction":[0.880197,0.0267264,0.473856],"handId":2,"id":1,"length":32.6951,"tipPosition":[-254.729,147.993,-191.145],"tipVelocity":[-53.2883,16.9688,-24.2284],"tool":false},{"direction":[0.272402,-0.0820472,-0.958679],"handId":3,"id":5,"length":75.9413,"tipPosition":[-41.2908,193.062,-81.821],"tipVelocity":[-341.687,193.922,-451.396],"tool":false},{"direction":[0.45361,0.216522,-0.864498],"handId":3,"id":4,"length":58.3368,"tipPosition":[7.04707,210.843,-33.3904],"tipVelocity":[-106.953,104.653,-396.016],"tool":true,"width":19.2591}],"r":[[-0.769969,-0.380635,-0.512118],[-0.569863,0.771274,0.283535],[0.28706,0.510151,-0.810767]],"s":0.695417,"t":[23.9544,204.49,430.763],"timestamp":187724120},
{"gestures":[],"hands":[{"direction":[0.415628,0.380506,-0.826117],"id":3,"palmNormal":[0.285631,-0.916939,-0.278635],"palmPosition":[-57.364,174.388,18.2412],"palmVelocity":[-108.275,88.1921,-356.754],"r":[[0.758499,0.328573,0.562778],[-0.275805,0.944288,-0.17959],[-0.590433,-0.0189978,0.806863]],"s":1.08632,"sphereCenter":[-50.9323,182.156,-9.85854],"sphereRadius":55.1588,"t":[145.137,-59.329,-213.246]}],"id":37201,"pointables":[{"direction":[0.873722,0.0636771,0.482239],"handId":2,"id":1,"length":32.594,"tipPosition":[-254.419,147.75,-190.756],"tipVelocity":[31.8792,-24.989,39.8798],"tool":false},{"direction":[0.259932,-0.0817516,-0.96216],"handId":3,"id":5,"length":75.6867,"tipPosition":[-44.4807,195.38,-85.5538],"tipVelocity":[-327.683,238.144,-383.44],"tool":false},{"direction":[0.449593,0.219313,-0.865892],"handId":3,"id":4,"length":58.0264,"tipPosition":[5.94047,211.686,-37.0962],"tipVelocity":[-113.673,86.6,-380.663],"tool":true,"width":19.2363}],"r":[[-0.765599,-0.37857,-0.520138],[-0.571219,0.771945,0.278944],[0.295918,0.510672,-0.807247]],"s":0.684512,"t":[22.9558,205.357,426.97],"timestamp":187733855},
{"gestures":[],"hands":[{"direction":[0.400379,0.370747,-0.837999],"id":3,"palmNormal":[0.300871,-0.916986,-0.261942],"palmPosition":[-58.4819,175.51,14.1923],"palmVelocity":[-57.6221,57.8515,-208.695],"r":[[0.745715,0.34132,0.572197],[-0.281692,0.939795,-0.193481],[-0.603787,-0.0169014,0.796967]],"s":1.10821,"sphereCenter":[-51.3751,182.968,-13.8869],"sphereRadius":54.7229,"t":[142.739,-57.2856,-217.292]}],"id":37205,"pointables":[{"direction":[0.869958,0.04062,0.49145],"handId":2,"id":1,"length":32.6653,"tipPosition":[-255.129,148.25,-191.054],"tipVelocity":[-36.6053,25.7783,-15.3222],"tool":false},{"direction":[0.245367,-0.0747639,-0.966543],"handId":3,"id":5,"length":75.4994,"tipPosition":[-48.5793,199.652,-90.1689],"tipVelocity":[-211.252,220.168,-237.879],"tool":false},{"direction":[0.445893,0.221162,-0.867333],"handId":3,"id":4,"length":57.8775,"tipPosition":[4.55009,212.829,-40.8188],"tipVelocity":[-71.665,58.913,-191.878],"tool":true,"width":19.1853}],"r":[[-0.760774,-0.376938,-0.528337],[-0.572921,0.772515,0.273827],[0.304933,0.511016,-0.803666]],"s":0.673539,"t":[21.7613,206.362,423.213],"timestamp":187753256},
{"gestures":[],"hands":[{"direction":[0.392904,0.355581,-0.84805],"id":3,"palmNormal":[0.313682,-0.918727,-0.239885],"palmPosition":[-59.5822,176.749,10.5884],"palmVelocity":[-109.816,123.637,-359.665],"r":[[0.73147,0.357839,0.580434],[-0.287807,0.933715,-0.21294],[-0.618158,-0.0112941,0.785973]],"s":1.12865,"sphereCenter":[-52.1939,184.234,-17.8966],"sphereRadius":54.2525,"t":[140.327,-54.8861,-221.184]}],"id":37207,"pointables":[{"direction":[0.864225,0.110426,0.490837],"handId":2,"id":1,"length":32.3661,"tipPosition":[-255.156,148.08,-190.988],"tipVelocity":[-2.67384,-16.9166,6.50167],"tool":false},{"direction":[0.230172,-0.0649091,-0.970983],"handId":3,"id":5,"length":75.4936,"tipPosition":[-52.0692,203.942,-94.0947],"tipVelocity":[-348.301,428.126,-391.8],"tool":false},{"direction":[0.444159,0.223097,-0.867727],"handId":3,"id":4,"length":57.7744,"tipPosition":[3.18885,214.05,-44.371],"tipVelocity":[-135.852,121.859,-354.511],"tool":true,"width":19.1663}],"r":[[-0.755291,-0.376139,-0.536708],[-0.575208,0.772937,0.267776],[0.31412,0.510968,-0.80015]],"s":0.662493,"t":[20.4834,207.474,419.558],"timestamp":187763276},
{"gestures":[],"hands":[{"direction":[0.374549,0.361348,-0.853897],"id":3,"palmNormal":[0.319609,-0.914808,-0.246933],"palmPosition":[-61.2668,178.892,5.65033],"palmVelocity":[-87.6192,111.453,-256.845],"r":[[0.715725,0.378542,0.586893],[-0.29398,0.925582,-0.238482],[-0.633493,-0.00184698,0.773746]],"s":1.14788,"sphereCenter":[-52.9197,185.23,-22.176],"sphereRadius":54.0912,"t":[137.894,-51.8548,-224.992]}],"id":37211,"pointables":[{"direction":[0.871446,0.0532101,0.487597],"handId":2,"id":1,"length":32.4614,"tipPosition":[-255.337,147.954,-191.008],"tipVelocity":[-9.42302,-6.54794,-1.03511],"tool":false},{"direction":[0.214189,-0.0562683,-0.97517],"handId":3,"id":5,"length":74.7626,"tipPosition":[-55.5224,209.548,-97.9858],"tipVelocity":[-179.611,291.613,-202.384],"tool":false},{"direction":[0.44133,0.227558,-0.868012],"handId":3,"id":4,"length":57.6622,"tipPosition":[1.73176,215.77,-47.9235],"tipVelocity":[-75.7874,89.463,-184.776],"tool":true,"width":19.1355}],"r":[[-0.748992,-0.376364,-0.545308],[-0.578208,0.773169,0.26055],[0.323554,0.510451,-0.796714]],"s":0.652027,"t":[19.1159,208.891,415.954],"timestamp":187782502},
{"gestures":[],"hands":[{"direction":[0.358949,0.368656,-0.857466],"id":3,"palmNormal":[0.321626,-0.911279,-0.257154],"palmPosition":[-62.9638,181.306,1.39977],"palmVelocity":[-174.178,247.755,-436.268],"r":[[0.698928,0.401377,0.591943],[-0.299639,0.915865,-0.267223],[-0.649397,0.00940043,0.760391]],"s":1.16455,"sphereCenter":[-53.3564,185.291,-26.5732],"sphereRadius":54.425,"t":[135.631,-48.5718,-228.521]}],"id":37213,"pointables":[{"direction":[0.86776,0.0933295,0.488141],"handId":-1,"id":1,"length":32.4614,"tipPosition":[-254.434,147.577,-190.472],"tipVelocity":[92.7045,-38.7543,55.0372],"tool":false},{"direction":[0.198392,-0.0463458,-0.979026],"handId":3,"id":5,"length":73.9348,"tipPosition":[-58.3858,214.776,-101.151],"tipVelocity":[-293.891,536.532,-324.883],"tool":false},{"direction":[0.439686,0.231906,-0.867696],"handId":3,"id":4,"length":57.7076,"tipPosition":[0.411334,217.612,-51.2622],"tipVelocity":[-135.526,189.056,-342.673],"tool":true,"width":19.1029}],"r":[[-0.741866,-0.377726,-0.554038],[-0.581924,0.773192,0.252069],[0.333165,0.509409,-0.793413]],"s":0.641444,"t":[17.772,210.52,412.57],"timestamp":187792245},
{"gestures":[],"hands":[{"direction":[0.339706,0.374242,-0.862869],"id":3,"palmNormal":[0.321992,-0.908264,-0.267164],"palmPosition":[-64.3739,183.352,-1.49401],"palmVelocity":[-144.708,210.005,-296.981],"r":[[0.681741,0.424684,0.595712],[-0.30442,0.905097,-0.296863],[-0.66525,0.0210367,0.746324]],"s":1.17841,"sphereCenter":[-53.9229,185.216,-30.9961],"sphereRadius":55.1009,"t":[133.608,-45.3347,-231.613]}],"id":37215,"pointables":[{"direction":[0.859982,0.116455,0.496859],"handId":2,"id":1,"length":31.8572,"tipPosition":[-254.479,147.593,-190.366],"tipVelocity":[-4.61232,1.62426,10.8729],"tool":false},{"direction":[0.183381,-0.0373096,-0.982334],"handId":3,"id":5,"length":73.0603,"tipPosition":[-60.7524,219.368,-103.606],"tipVelocity":[-242.877,471.351,-251.917],"tool":false},{"direction":[0.438306,0.235615,-0.867395],"handId":3,"id":4,"length":57.5894,"tipPosition":[-0.791653,219.401,-54.1172],"tipVelocity":[-123.459,183.644,-293.006],"tool":true,"width":19.066}],"r":[[-0.734477,-0.379658,-0.562498],[-0.585843,0.773083,0.243167],[0.342537,0.508136,-0.790232]],"s":0.632369,"t":[16.4985,212.229,409.65],"timestamp":187801989},
{"gestures":[],"hands":[{"direction":[0.327124,0.385158,-0.862927],"id":3,"palmNormal":[0.318805,-0.904613,-0.28291],"palmPosition":[-66.1766,186.311,-4.39793],"palmVelocity":[-90.195,148.051,-145.29],"r":[[0.664064,0.448987,0.597854],[-0.308389,0.892911,-0.328032],[-0.681113,0.0334628,0.731414]],"s":1.19063,"sphereCenter":[-56.8393,190.326,-33.422],"sphereRadius":55.5409,"t":[131.692,-42.0246,-234.357]}],"id":37219,"pointables":[{"direction":[0.849984,0.162881,0.500997],"handId":2,"id":1,"length":31.5092,"tipPosition":[-254.964,147.574,-190.607],"tipVelocity":[-24.2996,-0.940612,-12.0494],"tool":false},{"direction":[0.168039,-0.0275727,-0.985395],"handId":3,"id":5,"length":71.8434,"tipPosition":[-63.1155,224.371,-105.806],"tipVelocity":[-118.23,250.296,-110.072],"tool":false},{"direction":[0.437889,0.236574,-0.867344],"handId":3,"id":4,"length":57.3808,"tipPosition":[-2.04544,221.164,-56.7086],"tipVelocity":[-62.73,88.2222,-129.653],"tool":true,"width":19.0281}],"r":[[-0.726934,-0.382187,-0.570526],[-0.589937,0.772807,0.233974],[0.351485,0.506658,-0.787246]],"s":0.625333,"t":[15.2349,213.966,407.09],"timestamp":187821976},
{"gestures":[],"hands":[{"direction":[0.317992,0.394145,-0.862282],"id":3,"palmNormal":[0.319958,-0.900748,-0.293734],"palmPosition":[-67.6158,189.078,-6.91666],"palmVelocity":[-157.499,302.817,-275.633],"r":[[0.64705,0.472503,0.598387],[-0.311356,0.880152,-0.358316],[-0.695977,0.0455374,0.716619]],"s":1.20136,"sphereCenter":[-58.715,192.765,-36.8223],"sphereRadius":55.9118,"t":[129.986,-38.7862,-236.731]}],"id":37221,"pointables":[{"direction":[0.847052,0.127542,0.51598],"handId":2,"id":1,"length":31.7762,"tipPosition":[-256.188,148.158,-191.408],"tipVelocity":[-133.903,63.8921,-87.661],"tool":false},{"direction":[0.152934,-0.0155233,-0.988114],"handId":3,"id":5,"length":70.5831,"tipPosition":[-65.0009,228.75,-107.685],"tipVelocity":[-206.334,479.137,-205.669],"tool":false},{"direction":[0.437334,0.238595,-0.86707],"handId":3,"id":4,"length":57.1341,"tipPosition":[-3.14911,223.12,-58.8348],"tipVelocity":[-120.778,213.969,-232.683],"tool":true,"width":19.0017}],"r":[[-0.719744,-0.384871,-0.577791],[-0.593823,0.772442,0.225185],[0.359643,0.505181,-0.784506]],"s":0.620909,"t":[13.9913,215.811,404.871],"timestamp":187831114},
{"gestures":[],"hands":[{"direction":[0.310829,0.401224,-0.861629],"id":3,"palmNormal":[0.319332,-0.897921,-0.302926],"palmPosition":[-68.9661,191.617,-8.29123],"palmVelocity":[-138.565,260.51,-141.054],"r":[[0.630682,0.494436,0.598141],[-0.313324,0.86738,-0.386626],[-0.709978,0.0564258,0.70196]],"s":1.20918,"sphereCenter":[-60.591,195.678,-39.512],"sphereRadius":56.2507,"t":[128.554,-35.8042,-238.614]}],"id":37223,"pointables":[{"direction":[0.84189,0.103519,0.529627],"handId":2,"id":1,"length":31.9247,"tipPosition":[-256.704,148.386,-191.709],"tipVelocity":[-52.9557,23.3943,-30.8773],"tool":false},{"direction":[0.140248,-0.00646062,-0.990095],"handId":3,"id":5,"length":69.2446,"tipPosition":[-66.3787,232.409,-108.738],"tipVelocity":[-141.383,375.567,-108.015],"tool":false},{"direction":[0.43649,0.24118,-0.866781],"handId":3,"id":4,"length":56.9304,"tipPosition":[-4.08902,224.911,-60.5664],"tipVelocity":[-96.4508,183.827,-177.689],"tool":true,"width":18.9865}],"r":[[-0.712837,-0.387834,-0.584336],[-0.597604,0.771964,0.216658],[0.367059,0.503643,-0.782056]],"s":0.617906,"t":[12.8995,217.63,403.234],"timestamp":187840859},
{"gestures":[],"hands":[{"direction":[0.30851,0.408556,-0.859013],"id":3,"palmNormal":[0.318928,-0.895219,-0.311235],"palmPosition":[-69.9446,194.189,-9.67245],"palmVelocity":[-100.157,263.309,-141.373],"r":[[0.615156,0.514314,0.597548],[-0.314402,0.855077,-0.412305],[-0.723003,0.0657614,0.687708]],"s":1.21438,"sphereCenter":[-62.0553,198.455,-41.9698],"sphereRadius":56.565,"t":[127.405,-32.9219,-240.128]}],"id":37225,"pointables":[{"direction":[0.855107,0.0330815,0.517395],"handId":2,"id":1,"length":31.8959,"tipPosition":[-256.13,148.109,-191.165],"tipVelocity":[58.7161,-28.2767,55.6724],"tool":false},{"direction":[0.128821,0.00303484,-0.991663],"handId":3,"id":5,"length":67.5649,"tipPosition":[-67.3938,235.894,-109.506],"tipVelocity":[-103.902,356.676,-78.678],"tool":false},{"direction":[0.435095,0.246682,-0.865933],"handId":3,"id":4,"length":56.6165,"tipPosition":[-4.80783,226.992,-62.091],"tipVelocity":[-73.5732,212.954,-156.042],"tool":true,"width":18.9694}],"r":[[-0.705745,-0.391414,-0.590524],[-0.601585,0.771333,0.207705],[0.374192,0.501838,-0.779833]],"s":0.61508,"t":[11.9942,219.58,402.032],"timestamp":187850629},
{"gestures":[],"hands":[{"direction":[0.308349,0.409377,-0.85868],"id":3,"palmNormal":[0.31777,-0.895138,-0.312649],"palmPosition":[-70.6265,197.63,-10.3321],"palmVelocity":[-35.2639,177.921,-34.111],"r":[[0.600335,0.53402,0.595333],[-0.314948,0.84211,-0.437788],[-0.735123,0.0753206,0.673736]],"s":1.21888,"sphereCenter":[-63.2613,201.568,-44.0972],"sphereRadius":56.868,"t":[126.61,-29.8049,-241.061]}],"id":37229,"pointables":[{"direction":[0.850459,0.0152317,0.525821],"handId":2,"id":1,"length":31.6697,"tipPosition":[-256.188,147.928,-191.15],"tipVelocity":[-2.99462,-9.39057,0.776412],"tool":false},{"direction":[0.117367,0.0160551,-0.992959],"handId":3,"id":5,"length":65.8294,"tipPosition":[-67.9483,240.402,-109.657],"tipVelocity":[-28.6758,233.145,-7.778],"tool":false},{"direction":[0.434705,0.249956,-0.86519],"handId":3,"id":4,"length":56.3525,"tipPosition":[-5.13352,229.187,-62.6433],"tipVelocity":[-16.8427,113.514,-28.5656],"tool":false}],"r":[[-0.698758,-0.395701,-0.595952],[-0.605737,0.770466,0.198657],[0.380552,0.499803,-0.77806]],"s":0.614428,"t":[11.3787,221.652,401.356],"timestamp":187869966},
{"gestures":[],"hands":[{"direction":[0.307843,0.418015,-0.854691],"id":3,"palmNormal":[0.311416,-0.893102,-0.324635],"palmPosition":[-71.0913,200.491,-9.69395],"palmVelocity":[-47.6686,293.482,65.4528],"r":[[0.586058,0.552802,0.592407],[-0.31489,0.829041,-0.4621],[-0.746579,0.0842741,0.659938]],"s":1.22215,"sphereCenter":[-64.9137,206.21,-44.8852],"sphereRadius":57.4665,"t":[126.17,-26.6419,-241.492]}],"id":37231,"pointables":[{"direction":[0.847915,-0.0156339,0.529901],"handId":2,"id":1,"length":31.9467,"tipPosition":[-256.552,147.91,-191.233],"tipVelocity":[-37.277,-1.84568,-8.52908],"tool":false},{"direction":[0.107843,0.0234497,-0.993891],"handId":3,"id":5,"length":64.3462,"tipPosition":[-68.1181,244.538,-109.255],"tipVelocity":[-17.4158,424.206,41.2341],"tool":false},{"direction":[0.434729,0.253935,-0.864019],"handId":3,"id":4,"length":56.0427,"tipPosition":[-5.13182,231.469,-62.9004],"tipVelocity":[0.174392,234.079,-26.3729],"tool":false}],"r":[[-0.692076,-0.400362,-0.600617],[-0.60987,0.769425,0.189851],[0.386121,0.49769,-0.776669]],"s":0.615958,"t":[10.9861,223.829,400.976],"timestamp":187879715},
{"gestures":[],"hands":[{"direction":[0.311242,0.405279,-0.85958],"id":3,"palmNormal":[0.31984,-0.896412,-0.306835],"palmPosition":[-70.0069,202.663,-10.6458],"palmVelocity":[110.197,220.746,-96.7347],"r":[[0.57455,0.567708,0.589576],[-0.314512,0.818171,-0.481329],[-0.755628,0.091119,0.648632]],"s":1.22444,"sphereCenter":[-66.4055,211.564,-44.6015],"sphereRadius":59.0156,"t":[126.068,-23.1708,-241.347]}],"id":37233,"pointables":[{"direction":[0.851547,0.0136609,0.5241],"handId":-1,"id":1,"length":31.9467,"tipPosition":[-256.127,147.877,-191.151],"tipVelocity":[43.1518,-3.29631,8.36016],"tool":false},{"direction":[0.100163,0.0340265,-0.994389],"handId":3,"id":5,"length":62.6497,"tipPosition":[-67.8833,248.317,-108.536],"tipVelocity":[23.8617,384.086,73.0259],"tool":false},{"direction":[0.448537,0.222836,-0.865539],"handId":-1,"id":4,"length":56.0427,"tipPosition":[-4.80043,233.266,-62.4148],"tipVelocity":[33.6774,182.678,49.3495],"tool":false}],"r":[[-0.685902,-0.405386,-0.604318],[-0.613944,0.768198,0.181509],[0.390655,0.495515,-0.775792]],"s":0.61871,"t":[10.9555,225.816,401.029],"timestamp":187889555},
{"gestures":[],"hands":[{"direction":[0.313573,0.414948,-0.854102],"id":3,"palmNormal":[0.313114,-0.894345,-0.319543],"palmPosition":[-70.3392,205.062,-9.82061],"palmVelocity":[-34.4663,248.895,85.6024],"r":[[0.563777,0.582179,0.585853],[-0.313881,0.807132,-0.500018],[-0.76396,0.0980106,0.637777]],"s":1.22634,"sphereCenter":[-66.6522,213.896,-45.776],"sphereRadius":59.2233,"t":[126.237,-19.9511,-240.911]}],"id":37235,"pointables":[{"direction":[0.852845,0.0770894,0.516443],"handId":-1,"id":1,"length":31.9467,"tipPosition":[-256.114,148.099,-191.36],"tipVelocity":[1.34492,22.9392,-21.6774],"tool":false},{"direction":[0.0923888,0.0453431,-0.99469],"handId":3,"id":5,"length":60.6049,"tipPosition":[-67.4277,252.083,-107.627],"tipVelocity":[47.2661,390.587,94.3596],"tool":false},{"direction":[0.447681,0.230771,-0.863902],"handId":3,"id":4,"length":55.7414,"tipPosition":[-4.37449,235.437,-61.8688],"tipVelocity":[44.1847,225.213,56.64],"tool":false}],"r":[[-0.680266,-0.41061,-0.607156],[-0.617901,0.766827,0.173711],[0.394256,0.493331,-0.775362]],"s":0.622906,"t":[11.1531,227.896,401.328],"timestamp":187899195},
{"gestures":[],"hands":[{"direction":[0.318128,0.423055,-0.848421],"id":3,"palmNormal":[0.307412,-0.892593,-0.329812],"palmPosition":[-70.0841,207.875,-9.60026],"palmVelocity":[26.1467,288.353,22.5887],"r":[[0.554333,0.596157,0.580785],[-0.313214,0.795937,-0.518055],[-0.771111,0.105265,0.627939]],"s":1.22912,"sphereCenter":[-65.9039,215.154,-47.3436],"sphereRadius":59.2638,"t":[126.645,-16.9035,-240.296]}],"id":37237,"pointables":[{"direction":[0.85187,0.0776252,0.517969],"handId":-1,"id":1,"length":31.9467,"tipPosition":[-254.906,147.641,-190.621],"tipVelocity":[123.856,-46.9484,75.7097],"tool":false},{"direction":[0.085382,0.0618305,-0.994428],"handId":3,"id":5,"length":58.9896,"tipPosition":[-66.7705,255.76,-106.892],"tipVelocity":[67.3672,376.958,75.3615],"tool":false},{"direction":[0.44673,0.242775,-0.8611],"handId":3,"id":4,"length":55.6077,"tipPosition":[-3.74109,237.511,-61.0159],"tipVelocity":[64.9309,212.607,87.4333],"tool":false}],"r":[[-0.674621,-0.416357,-0.609535],[-0.622002,0.765289,0.165671],[0.397492,0.490897,-0.775255]],"s":0.627199,"t":[11.5805,229.972,401.847],"timestamp":187908950},
{"gestures":[],"hands":[{"direction":[0.320464,0.430086,-0.843996],"id":3,"palmNormal":[0.301083,-0.891028,-0.339733],"palmPosition":[-69.767,209.661,-8.34339],"palmVelocity":[32.8674,185.06,130.259],"r":[[0.545591,0.610029,0.574626],[-0.312422,0.784294,-0.53598],[-0.777639,0.1129,0.618491]],"s":1.23209,"sphereCenter":[-65.1015,216.304,-48.2238],"sphereRadius":59.3749,"t":[127.226,-14.1617,-239.373]}],"id":37239,"pointables":[{"direction":[0.829803,0.121223,0.544731],"handId":2,"id":1,"length":32.8503,"tipPosition":[-255.221,147.915,-190.699],"tipVelocity":[-32.6851,28.4756,-8.07833],"tool":false},{"direction":[0.0798608,0.073906,-0.994062],"handId":3,"id":5,"length":57.5195,"tipPosition":[-65.9652,259.089,-105.604],"tipVelocity":[83.4585,345.03,133.412],"tool":false},{"direction":[0.447172,0.248812,-0.859145],"handId":3,"id":4,"length":55.2278,"tipPosition":[-3.03673,239.054,-59.8403],"tipVelocity":[72.9987,159.88,121.835],"tool":false}],"r":[[-0.66979,-0.421744,-0.611158],[-0.625705,0.763748,0.158689],[0.399844,0.488693,-0.775438]],"s":0.633027,"t":[12.1464,231.782,402.695],"timestamp":187918599},
{"gestures":[],"hands":[{"direction":[0.326906,0.441184,-0.835756],"id":3,"palmNormal":[0.291505,-0.888298,-0.354898],"palmPosition":[-69.1463,211.331,-6.36299],"palmVelocity":[31.2189,84.0055,99.6076],"r":[[0.537353,0.623566,0.567817],[-0.311453,0.772415,-0.553509],[-0.78374,0.120582,0.609271]],"s":1.23501,"sphereCenter":[-63.7664,217.387,-48.3103],"sphereRadius":59.5676,"t":[128.149,-11.4997,-237.907]}],"id":37243,"pointables":[{"direction":[0.828955,0.152904,0.538009],"handId":-1,"id":1,"length":32.8503,"tipPosition":[-253.997,147.126,-189.668],"tipVelocity":[61.5618,-39.6998,51.8862],"tool":false},{"direction":[0.0760412,0.084837,-0.993489],"handId":3,"id":5,"length":56.1565,"tipPosition":[-64.6519,262.498,-103.49],"tipVelocity":[66.0554,171.446,106.335],"tool":false},{"direction":[0.447106,0.257677,-0.856562],"handId":3,"id":4,"length":54.987,"tipPosition":[-1.81905,240.81,-57.9382],"tipVelocity":[61.2455,88.3184,95.6731],"tool":false}],"r":[[-0.665031,-0.427624,-0.612268],[-0.629571,0.762005,0.151621],[0.401714,0.486299,-0.775976]],"s":0.639406,"t":[13.0414,233.565,404.069],"timestamp":187938481},
{"gestures":[],"hands":[{"direction":[0.333052,0.449333,-0.828961],"id":3,"palmNormal":[0.282912,-0.886267,-0.36673],"palmPosition":[-68.2771,213.111,-4.87274],"palmVelocity":[92.6812,189.792,158.91],"r":[[0.530208,0.636657,0.559952],[-0.310555,0.760355,-0.570453],[-0.788945,0.128563,0.600863]],"s":1.23856,"sphereCenter":[-62.3592,218.804,-48.0525],"sphereRadius":59.5605,"t":[129.276,-9.05663,-236.112]}],"id":37245,"pointables":[{"direction":[0.843759,0.10805,0.525734],"handId":2,"id":1,"length":32.5593,"tipPosition":[-253.985,147.134,-189.58],"tipVelocity":[1.27988,0.839641,9.29803],"tool":false},{"direction":[0.0735576,0.0969785,-0.992565],"handId":3,"id":5,"length":54.7743,"tipPosition":[-63.2361,265.534,-101.455],"tipVelocity":[150.967,323.742,217.04],"tool":false},{"direction":[0.448749,0.264236,-0.8537],"handId":3,"id":4,"length":54.6776,"tipPosition":[-0.571286,242.222,-55.7245],"tipVelocity":[133.052,150.569,236.053],"tool":false}],"r":[[-0.66109,-0.433248,-0.612581],[-0.633123,0.760238,0.14558],[0.402635,0.484081,-0.776885]],"s":0.647209,"t":[14.1127,235.162,405.774],"timestamp":187947859},
{"gestures":[],"hands":[{"direction":[0.337408,0.461628,-0.8204],"id":3,"palmNormal":[0.272258,-0.882114,-0.384382],"palmPosition":[-67.5644,214.211,-2.87396],"palmVelocity":[74.2876,114.693,208.336],"r":[[0.523471,0.64917,0.551866],[-0.309498,0.748328,-0.586699],[-0.793844,0.136319,0.592645]],"s":1.24204,"sphereCenter":[-61.0577,220.294,-47.0214],"sphereRadius":59.653,"t":[130.584,-6.777,-234.078]}],"id":37247,"pointables":[{"direction":[0.84104,0.109747,0.529723],"handId":2,"id":1,"length":32.358,"tipPosition":[-254.739,147.473,-190.063],"tipVelocity":[-78.5598,35.3693,-50.2718],"tool":false},{"direction":[0.0722742,0.106047,-0.991731],"handId":3,"id":5,"length":53.1038,"tipPosition":[-61.701,268.388,-99.1014],"tipVelocity":[160.014,297.511,245.285],"tool":false},{"direction":[0.449476,0.272951,-0.85057],"handId":3,"id":4,"length":54.4955,"tipPosition":[0.870284,243.6,-53.5296],"tipVelocity":[150.257,143.645,228.777],"tool":false}],"r":[[-0.658147,-0.438331,-0.612134],[-0.636236,0.758517,0.140909],[0.402549,0.4822,-0.778098]],"s":0.656788,"t":[15.3692,236.65,407.724],"timestamp":187957453},
{"gestures":[],"hands":[{"direction":[0.343456,0.468559,-0.813935],"id":3,"palmNormal":[0.260671,-0.880163,-0.39669],"palmPosition":[-66.7267,215.083,-0.687051],"palmVelocity":[85.9168,89.3707,224.299],"r":[[0.517228,0.661822,0.542648],[-0.308423,0.735583,-0.603153],[-0.798342,0.144603,0.584585]],"s":1.24602,"sphereCenter":[-59.664,221.426,-45.8371],"sphereRadius":59.833,"t":[132.019,-4.70484,-231.787]}],"id":37249,"pointables":[{"direction":[0.847407,0.0642,0.527048],"handId":2,"id":1,"length":32.021,"tipPosition":[-254.677,147.431,-189.945],"tipVelocity":[6.3617,-4.362,12.0565],"tool":false},{"direction":[0.0719619,0.115372,-0.990712],"handId":3,"id":5,"length":51.7785,"tipPosition":[-60.0132,271.226,-96.5714],"tipVelocity":[173.104,291.019,259.49],"tool":false},{"direction":[0.451056,0.278675,-0.847873],"handId":3,"id":4,"length":54.2785,"tipPosition":[2.30332,244.492,-50.9668],"tipVelocity":[146.978,91.48,262.851],"tool":false}],"r":[[-0.655893,-0.443155,-0.611079],[-0.639099,0.756801,0.137135],[0.401693,0.480485,-0.7796]],"s":0.666985,"t":[16.7139,237.84,409.964],"timestamp":187967203},
