[
{"hands":[],"id":541123,"pointables":[],"r":[[-0.849684,-0.526708,-0.0248248],[0.455868,-0.757434,0.467417],[-0.264995,0.385839,0.883689]],"s":-1.64677,"t":[-400.754,-184.51,707.817],"timestamp":2648016457},
{"hands":[],"id":541127,"pointables":[],"r":[[-0.849684,-0.526708,-0.0248248],[0.455868,-0.757434,0.467417],[-0.264995,0.385839,0.883689]],"s":-1.64677,"t":[-400.754,-184.51,707.817],"timestamp":2648035865},
{"hands":[],"id":541129,"pointables":[],"r":[[-0.849684,-0.526708,-0.0248248],[0.455868,-0.757434,0.467417],[-0.264995,0.385839,0.883689]],"s":-1.64677,"t":[-400.754,-184.51,707.817],"timestamp":2648045615},
{"hands":[],"id":541131,"pointables":[],"r":[[-0.849684,-0.526708,-0.0248248],[0.455868,-0.757434,0.467417],[-0.264995,0.385839,0.883689]],"s":-1.64677,"t":[-400.754,-184.51,707.817],"timestamp":2648055305},
{"hands":[],"id":541133,"pointables":[],"r":[[-0.849684,-0.526708,-0.0248248],[0.455868,-0.757434,0.467417],[-0.264995,0.385839,0.883689]],"s":-1.64677,"t":[-400.754,-184.51,707.817],"timestamp":2648064984},
{"hands":[],"id":541135,"pointables":[],"r":[[-0.849684,-0.526708,-0.0248248],[0.455868,-0.757434,0.467417],[-0.264995,0.385839,0.883689]],"s":-1.64677,"t":[-400.754,-184.51,707.817],"timestamp":2648074739},
{"hands":[],"id":541137,"pointables":[],"r":[[-0.849684,-0.526708,-0.0248248],[0.455868,-0.757434,0.467417],[-0.264995,0.385839,0.883689]],"s":-1.64677,"t":[-400.754,-184.51,707.817],"timestamp":2648084486},
{"hands":[],"id":541139,"pointables":[],"r":[[-0.849684,-0.526708,-0.0248248],[0.455868,-0.757434,0.467417],[-0.264995,0.385839,0.883689]],"s":-1.64677,"t":[-400.754,-184.51,707.817],"timestamp":2648094178},
{"hands":[],"id":541141,"pointables":[],"r":[[-0.849684,-0.526708,-0.0248248],[0.455868,-0.757434,0.467417],[-0.264995,0.385839,0.883689]],"s":-1.64677,"t":[-400.754,-184.51,707.817],"timestamp":2648103984},
{"hands":[],"id":541143,"pointables":[],"r":[[-0.849684,-0.526708,-0.0248248],[0.455868,-0.757434,0.467417],[-0.264995,0.385839,0.883689]],"s":-1.64677,"t":[-400.754,-184.51,707.817],"timestamp":2648113629},
{"hands":[],"id":541145,"pointables":[],"r":[[-0.849684,-0.526708,-0.0248248],[0.455868,-0.757434,0.467417],[-0.264995,0.385839,0.883689]],"s":-1.64677,"t":[-400.754,-184.51,707.817],"timestamp":2648123363},
{"hands":[],"id":541147,"pointables":[],"r":[[-0.849684,-0.526708,-0.0248248],[0.455868,-0.757434,0.467417],[-0.264995,0.385839,0.883689]],"s":-1.64677,"t":[-400.754,-184.51,707.817],"timestamp":2648133108},
{"hands":[],"id":541149,"pointables":[],"r":[[-0.849684,-0.526708,-0.0248248],[0.455868,-0.757434,0.467417],[-0.264995,0.385839,0.883689]],"s":-1.64677,"t":[-400.754,-184.51,707.817],"timestamp":2648142939},
{"hands":[],"id":541151,"pointables":[],"r":[[-0.849684,-0.526708,-0.0248248],[0.455868,-0.757434,0.467417],[-0.264995,0.385839,0.883689]],"s":-1.64677,"t":[-400.754,-184.51,707.817],"timestamp":2648152489},
{"hands":[],"id":541153,"pointables":[],"r":[[-0.849684,-0.526708,-0.0248248],[0.455868,-0.757434,0.467417],[-0.264995,0.385839,0.883689]],"s":-1.64677,"t":[-400.754,-184.51,707.817],"timestamp":2648162240},
{"hands":[],"id":541155,"pointables":[],"r":[[-0.849684,-0.526708,-0.0248248],[0.455868,-0.757434,0.467417],[-0.264995,0.385839,0.883689]],"s":-1.64677,"t":[-400.754,-184.51,707.817],"timestamp":2648171951},
{"hands":[],"id":541157,"pointables":[],"r":[[-0.849684,-0.526708,-0.0248248],[0.455868,-0.757434,0.467417],[-0.264995,0.385839,0.883689]],"s":-1.64677,"t":[-400.754,-184.51,707.817],"timestamp":2648181744},
{"hands":[],"id":541159,"pointables":[],"r":[[-0.849684,-0.526708,-0.0248248],[0.455868,-0.757434,0.467417],[-0.264995,0.385839,0.883689]],"s":-1.64677,"t":[-400.754,-184.51,707.817],"timestamp":2648191449},
{"hands":[],"id":541161,"pointables":[],"r":[[-0.849684,-0.526708,-0.0248248],[0.455868,-0.757434,0.467417],[-0.264995,0.385839,0.883689]],"s":-1.64677,"t":[-400.754,-184.51,707.817],"timestamp":2648201084},
{"hands":[],"id":541163,"pointables":[],"r":[[-0.849684,-0.526708,-0.0248248],[0.455868,-0.757434,0.467417],[-0.264995,0.385839,0.883689]],"s":-1.64677,"t":[-400.754,-184.51,707.817],"timestamp":2648210825},
{"hands":[],"id":541165,"pointables":[],"r":[[-0.849684,-0.526708,-0.0248248],[0.455868,-0.757434,0.467417],[-0.264995,0.385839,0.883689]],"s":-1.64677,"t":[-400.754,-184.51,707.817],"timestamp":2648220608},
{"hands":[],"id":541167,"pointables":[],"r":[[-0.849684,-0.526708,-0.0248248],[0.455868,-0.757434,0.467417],[-0.264995,0.385839,0.883689]],"s":-1.64677,"t":[-400.754,-184.51,707.817],"timestamp":2648230341},
{"hands":[],"id":541169,"pointables":[],"r":[[-0.849684,-0.526708,-0.0248248],[0.455868,-0.757434,0.467417],[-0.264995,0.385839,0.883689]],"s":-1.64677,"t":[-400.754,-184.51,707.817],"timestamp":2648240124},
{"hands":[],"id":541171,"pointables":[],"r":[[-0.849684,-0.526708,-0.0248248],[0.455868,-0.757434,0.467417],[-0.264995,0.385839,0.883689]],"s":-1.64677,"t":[-400.754,-184.51,707.817],"timestamp":2648249739},
{"hands":[],"id":541173,"pointables":[],"r":[[-0.849684,-0.526708,-0.0248248],[0.455868,-0.757434,0.467417],[-0.264995,0.385839,0.883689]],"s":-1.64677,"t":[-400.754,-184.51,707.817],"timestamp":2648259503},
{"hands":[],"id":541175,"pointables":[],"r":[[-0.849684,-0.526708,-0.0248248],[0.455868,-0.757434,0.467417],[-0.264995,0.385839,0.883689]],"s":-1.64677,"t":[-400.754,-184.51,707.817],"timestamp":2648269210},
{"hands":[],"id":541177,"pointables":[],"r":[[-0.849684,-0.526708,-0.0248248],[0.455868,-0.757434,0.467417],[-0.264995,0.385839,0.883689]],"s":-1.64677,"t":[-400.754,-184.51,707.817],"timestamp":2648278986},
{"hands":[],"id":541179,"pointables":[],"r":[[-0.849684,-0.526708,-0.0248248],[0.455868,-0.757434,0.467417],[-0.264995,0.385839,0.883689]],"s":-1.64677,"t":[-400.754,-184.51,707.817],"timestamp":2648288711},
{"hands":[],"id":541181,"pointables":[],"r":[[-0.849684,-0.526708,-0.0248248],[0.455868,-0.757434,0.467417],[-0.264995,0.385839,0.883689]],"s":-1.64677,"t":[-400.754,-184.51,707.817],"timestamp":2648298341},
{"hands":[],"id":541183,"pointables":[],"r":[[-0.849684,-0.526708,-0.0248248],[0.455868,-0.757434,0.467417],[-0.264995,0.385839,0.883689]],"s":-1.64677,"t":[-400.754,-184.51,707.817],"timestamp":2648308110},
{"hands":[],"id":541185,"pointables":[],"r":[[-0.849684,-0.526708,-0.0248248],[0.455868,-0.757434,0.467417],[-0.264995,0.385839,0.883689]],"s":-1.64677,"t":[-400.754,-184.51,707.817],"timestamp":2648317872},
{"hands":[],"id":541187,"pointables":[],"r":[[-0.849684,-0.526708,-0.0248248],[0.455868,-0.757434,0.467417],[-0.264995,0.385839,0.883689]],"s":-1.64677,"t":[-400.754,-184.51,707.817],"timestamp":2648327594},
{"hands":[],"id":541189,"pointables":[],"r":[[-0.849684,-0.526708,-0.0248248],[0.455868,-0.757434,0.467417],[-0.264995,0.385839,0.883689]],"s":-1.64677,"t":[-400.754,-184.51,707.817],"timestamp":2648337361},
{"hands":[],"id":541191,"pointables":[],"r":[[-0.849684,-0.526708,-0.0248248],[0.455868,-0.757434,0.467417],[-0.264995,0.385839,0.883689]],"s":-1.64677,"t":[-400.754,-184.51,707.817],"timestamp":2648346998},
{"hands":[],"id":541193,"pointables":[],"r":[[-0.849684,-0.526708,-0.0248248],[0.455868,-0.757434,0.467417],[-0.264995,0.385839,0.883689]],"s":-1.64677,"t":[-400.754,-184.51,707.817],"timestamp":2648356731},
{"hands":[],"id":541195,"pointables":[],"r":[[-0.849684,-0.526708,-0.0248248],[0.455868,-0.757434,0.467417],[-0.264995,0.385839,0.883689]],"s":-1.64677,"t":[-400.754,-184.51,707.817],"timestamp":2648366453},
{"hands":[],"id":541197,"pointables":[],"r":[[-0.849684,-0.526708,-0.0248248],[0.455868,-0.757434,0.467417],[-0.264995,0.385839,0.883689]],"s":-1.64677,"t":[-400.754,-184.51,707.817],"timestamp":2648376219},
{"hands":[],"id":541199,"pointables":[],"r":[[-0.849684,-0.526708,-0.0248248],[0.455868,-0.757434,0.467417],[-0.264995,0.385839,0.883689]],"s":-1.64677,"t":[-400.754,-184.51,707.817],"timestamp":2648385834},
{"hands":[],"id":541201,"pointables":[],"r":[[-0.849684,-0.526708,-0.0248248],[0.455868,-0.757434,0.467417],[-0.264995,0.385839,0.883689]],"s":-1.64677,"t":[-400.754,-184.51,707.817],"timestamp":2648395527},
{"hands":[],"id":541203,"pointables":[],"r":[[-0.849684,-0.526708,-0.0248248],[0.455868,-0.757434,0.467417],[-0.264995,0.385839,0.883689]],"s":-1.64677,"t":[-400.754,-184.51,707.817],"timestamp":2648405367},
{"hands":[],"id":541205,"pointables":[],"r":[[-0.849684,-0.526708,-0.0248248],[0.455868,-0.757434,0.467417],[-0.264995,0.385839,0.883689]],"s":-1.64677,"t":[-400.754,-184.51,707.817],"timestamp":2648415113},
{"hands":[],"id":541207,"pointables":[],"r":[[-0.849684,-0.526708,-0.0248248],[0.455868,-0.757434,0.467417],[-0.264995,0.385839,0.883689]],"s":-1.64677,"t":[-400.754,-184.51,707.817],"timestamp":2648424857},
{"hands":[],"id":541209,"pointables":[],"r":[[-0.849684,-0.526708,-0.0248248],[0.455868,-0.757434,0.467417],[-0.264995,0.385839,0.883689]],"s":-1.64677,"t":[-400.754,-184.51,707.817],"timestamp":2648434491},
{"hands":[],"id":541211,"pointables":[{"direction":[-0.981007,0.191467,-0.0310622],"handId":3,"id":4,"length":30.4852,"tipPosition":[-60.8752,159.194,190.546],"tipVelocity":[212.736,482.562,-707.125],"tool":false}],"r":[[-0.849684,-0.526708,-0.0248248],[0.455868,-0.757434,0.467417],[-0.264995,0.385839,0.883689]],"s":-1.64677,"t":[-399.72,-182.164,704.379],"timestamp":2648444214},
{"hands":[],"id":541213,"pointables":[{"direction":[-0.915986,0.390321,0.0928392],"handId":3,"id":4,"length":27.3264,"tipPosition":[-58.5176,162.083,189.302],"tipVelocity":[240.499,294.724,-126.887],"tool":false}],"r":[[-0.849684,-0.526708,-0.0248248],[0.455868,-0.757434,0.467417],[-0.264995,0.385839,0.883689]],"s":-1.64677,"t":[-398.024,-179.546,702.039],"timestamp":2648454017},
{"hands":[],"id":541215,"pointables":[{"direction":[-0.86494,0.501718,0.0125842],"handId":3,"id":4,"length":25.3465,"tipPosition":[-56.2276,164.96,186.694],"tipVelocity":[235.65,296.02,-268.372],"tool":false}],"r":[[-0.849684,-0.526708,-0.0248248],[0.455868,-0.757434,0.467417],[-0.264995,0.385839,0.883689]],"s":-1.64677,"t":[-396.031,-176.799,699.564],"timestamp":2648463735},
{"hands":[],"id":541217,"pointables":[{"direction":[-0.82045,0.570662,-0.0347338],"handId":3,"id":4,"length":24.0349,"tipPosition":[-53.882,167.568,182.711],"tipVelocity":[240.97,267.927,-409.208],"tool":false}],"r":[[-0.849684,-0.526708,-0.0248248],[0.455868,-0.757434,0.467417],[-0.264995,0.385839,0.883689]],"s":-1.64677,"t":[-393.862,-174.121,696.335],"timestamp":2648473469},
{"hands":[{"direction":[0.823746,-0.566707,0.0168807],"id":3,"palmNormal":[-0.0920186,-0.163016,-0.982323],"palmPosition":[-0.0765404,158.127,166.175],"palmVelocity":[564.282,71.9793,-927.101],"r":[[1,0,0],[0,1,0],[0,0,1]],"s":1,"sphereCenter":[-4.47177,153.386,176.451],"sphereRadius":51.0839,"t":[0,0,0]}],"id":541219,"pointables":[{"direction":[-0.777925,0.626624,-0.0466329],"handId":3,"id":4,"length":23.1867,"tipPosition":[-51.4655,169.833,177.784],"tipVelocity":[250.774,235.072,-511.366],"tool":false}],"r":[[-0.849684,-0.526708,-0.0248248],[0.455868,-0.757434,0.467417],[-0.264995,0.385839,0.883689]],"s":-1.64677,"t":[-391.569,-171.65,692.257],"timestamp":2648483105},
{"hands":[{"direction":[0.844075,-0.530866,0.0756221],"id":3,"palmNormal":[-0.103936,-0.300324,-0.948158],"palmPosition":[5.92578,158.692,159.406],"palmVelocity":[614.362,57.7735,-692.918],"r":[[0.999998,0.00096818,-0.00189945],[-0.000965807,0.999999,0.00124935],[0.00190065,-0.00124751,0.999997]],"s":1.00973,"sphereCenter":[-1.39175,154.765,169.485],"sphereRadius":51.7767,"t":[1.51699,1.09448,-3.38549]}],"id":541221,"pointables":[{"direction":[-0.689213,-0.108902,-0.716328],"handId":3,"id":6,"length":52.3074,"tipPosition":[-34.9145,192.476,113.087],"tipVelocity":[368.143,236.7,-792.567],"tool":false},{"direction":[-0.75727,0.635946,-0.148712],"handId":3,"id":4,"length":22.2704,"tipPosition":[-48.9943,171.898,171.985],"tipVelocity":[252.936,211.398,-593.51],"tool":false}],"r":[[-0.848738,-0.528172,-0.0260507],[0.456356,-0.756443,0.468545],[-0.267178,0.385783,0.883056]],"s":-1.63704,"t":[-388.906,-169.32,686.833],"timestamp":2648492875},
{"hands":[{"direction":[0.85992,-0.496691,0.117622],"id":3,"palmNormal":[-0.111195,-0.407192,-0.906549],"palmPosition":[11.6148,159.016,151.642],"palmVelocity":[583.728,33.269,-796.577],"r":[[0.999977,0.00284089,-0.0062196],[-0.00282402,0.999992,0.00271921],[0.00622728,-0.00270158,0.999977]],"s":1.02559,"sphereCenter":[1.75939,156.07,161.996],"sphereRadius":52.3205,"t":[3.9111,2.75095,-8.6894]}],"id":541223,"pointables":[{"direction":[-0.666557,-0.105563,-0.737942],"handId":3,"id":6,"length":53.8405,"tipPosition":[-30.92,194.909,105.009],"tipVelocity":[409.854,249.615,-828.923],"tool":false},{"direction":[-0.732189,0.637878,-0.238769],"handId":3,"id":4,"length":21.5562,"tipPosition":[-46.4463,173.902,165.619],"tipVelocity":[261.443,205.64,-653.188],"tool":false}],"r":[[-0.846723,-0.531243,-0.0289922],[0.457538,-0.754893,0.469889],[-0.271511,0.384601,0.882249]],"s":-1.62117,"t":[-385.938,-167.046,680.509],"timestamp":2648502621},
{"hands":[{"direction":[0.872786,-0.46565,0.146339],"id":3,"palmNormal":[-0.118285,-0.492653,-0.862149],"palmPosition":[16.6906,159.463,143.415],"palmVelocity":[521.505,45.9515,-845.314],"r":[[0.999895,0.00565926,-0.0133365],[-0.00560569,0.999976,0.0040507],[0.0133591,-0.00397551,0.999903]],"s":1.04572,"sphereCenter":[4.85309,157.068,153.686],"sphereRadius":52.9491,"t":[6.91668,4.48906,-15.343]}],"id":541225,"pointables":[{"direction":[-0.639918,-0.107387,-0.760903],"handId":3,"id":6,"length":55.1648,"tipPosition":[-26.3928,196.986,96.1908],"tipVelocity":[465.145,213.433,-905.972],"tool":false},{"direction":[-0.710394,0.617768,-0.337199],"handId":3,"id":4,"length":21.0333,"tipPosition":[-43.7394,175.464,158.43],"tipVelocity":[278.113,160.501,-738.603],"tool":false}],"r":[[-0.843486,-0.536076,-0.0339615],[0.459536,-0.752902,0.471132],[-0.278132,0.381787,0.881409]],"s":-1.60104,"t":[-382.646,-164.999,673.346],"timestamp":2648512354},
{"hands":[{"direction":[0.882819,-0.440209,0.163848],"id":3,"palmNormal":[-0.129429,-0.563303,-0.81605],"palmPosition":[21.0911,159.886,135.541],"palmVelocity":[451.007,43.3854,-806.962],"r":[[0.999676,0.0093022,-0.0236996],[-0.00920304,0.999948,0.00428964],[0.0237383,-0.00407014,0.99971]],"s":1.06602,"sphereCenter":[7.9023,157.946,145.443],"sphereRadius":53.5118,"t":[10.4938,6.15398,-23.1824]}],"id":541227,"pointables":[{"direction":[-0.613638,-0.107256,-0.782269],"handId":3,"id":6,"length":56.6255,"tipPosition":[-21.2209,198.889,86.758],"tipVelocity":[530.068,195.064,-966.771],"tool":false},{"direction":[-0.67687,0.575136,-0.459419],"handId":3,"id":4,"length":20.3388,"tipPosition":[-40.6141,176.745,149.813],"tipVelocity":[320.315,131.214,-883.211],"tool":false}],"r":[[-0.838896,-0.542714,-0.0414102],[0.46251,-0.750893,0.471429],[-0.286945,0.376327,0.880931]],"s":-1.58075,"t":[-378.926,-163.179,665.252],"timestamp":2648522111},
{"hands":[{"direction":[0.889177,-0.421767,0.177419],"id":3,"palmNormal":[-0.13565,-0.613299,-0.778116],"palmPosition":[25.1242,160.148,127.891],"palmVelocity":[419.199,27.1807,-795.127],"r":[[0.999218,0.0137095,-0.0370791],[-0.0135863,0.999901,0.00357215],[0.0371244,-0.00306559,0.999306]],"s":1.08451,"sphereCenter":[11.1001,158.6,136.758],"sphereRadius":54.0627,"t":[14.6637,7.64412,-32.4405]}],"id":541229,"pointables":[{"direction":[-0.586135,-0.106329,-0.803206],"handId":3,"id":6,"length":57.948,"tipPosition":[-15.4038,200.454,75.9315],"tipVelocity":[604.626,162.602,-1125.3],"tool":false},{"direction":[-0.630343,0.543122,-0.554695],"handId":3,"id":4,"length":19.9118,"tipPosition":[-36.9055,177.811,139.286],"tipVelocity":[385.47,110.83,-1094.18],"tool":false}],"r":[[-0.832956,-0.550969,-0.0511609],[0.466395,-0.748822,0.470893],[-0.297758,0.368372,0.880706]],"s":-1.56226,"t":[-374.684,-161.612,655.866],"timestamp":2648531732},
{"hands":[{"direction":[0.891739,-0.411327,0.18871],"id":3,"palmNormal":[-0.147233,-0.658,-0.738484],"palmPosition":[29.0565,160.06,120.28],"palmVelocity":[402.573,-8.97049,-779.217],"r":[[0.998371,0.0183884,-0.0540128],[-0.0184118,0.99983,0.0000631376],[0.0540048,0.00093144,0.99854]],"s":1.09166,"sphereCenter":[14.3163,158.818,128.023],"sphereRadius":54.5762,"t":[19.4718,8.95448,-43.5641]}],"id":541231,"pointables":[{"direction":[-0.558954,-0.1019,-0.822913],"handId":3,"id":6,"length":58.4417,"tipPosition":[-9.17151,201.748,64.0959],"tipVelocity":[638.031,132.498,-1211.67],"tool":false},{"direction":[-0.578981,0.465368,-0.669488],"handId":3,"id":4,"length":19.5168,"tipPosition":[-32.2456,178.778,125.143],"tipVelocity":[477.062,98.9909,-1447.88],"tool":false}],"r":[[-0.825612,-0.560606,-0.0639156],[0.471392,-0.747571,0.467897],[-0.310087,0.356172,0.881469]],"s":-1.5551,"t":[-369.84,-160.263,644.679],"timestamp":2648541500},
{"hands":[{"direction":[0.888323,-0.410671,0.205504],"id":3,"palmNormal":[-0.158621,-0.694363,-0.701925],"palmPosition":[32.457,159.822,112.542],"palmVelocity":[349.697,-24.5577,-795.796],"r":[[0.996749,0.0220868,-0.0774879],[-0.0230733,0.999663,-0.01186],[0.0771998,0.0136093,0.996923]],"s":1.07093,"sphereCenter":[17.5493,158.528,118.913],"sphereRadius":55.1507,"t":[25.0921,9.93782,-57.2457]}],"id":541233,"pointables":[{"direction":[-0.531549,-0.0992995,-0.841187],"handId":3,"id":6,"length":58.9362,"tipPosition":[-2.51295,202.521,51.5377],"tipVelocity":[684.755,79.5511,-1291.47],"tool":false},{"direction":[-0.521829,0.457501,-0.719991],"handId":3,"id":4,"length":19.4038,"tipPosition":[-26.0391,179.317,105.222],"tipVelocity":[638.265,55.4349,-2048.61],"tool":false}],"r":[[-0.81627,-0.571693,-0.0828904],[0.478493,-0.749524,0.457448],[-0.323648,0.333738,0.885365]],"s":-1.57584,"t":[-364.202,-159.26,630.965],"timestamp":2648551224},
{"hands":[{"direction":[0.879645,-0.418373,0.22625],"id":3,"palmNormal":[-0.174515,-0.726407,-0.664739],"palmPosition":[35.713,159.282,105.105],"palmVelocity":[333.645,-55.3177,-762.032],"r":[[0.993829,0.0216928,-0.108781],[-0.0261126,0.998883,-0.0393722],[0.107805,0.0419698,0.993286]],"s":1.01569,"sphereCenter":[20.8675,157.733,109.808],"sphereRadius":55.646,"t":[31.462,10.4492,-72.6218]}],"id":541235,"pointables":[{"direction":[-0.504467,-0.0983847,-0.857807],"handId":3,"id":6,"length":59.4716,"tipPosition":[4.10669,202.814,39.5909],"tipVelocity":[678.312,30.0024,-1224.18],"tool":false},{"direction":[-0.469805,0.395161,-0.789386],"handId":3,"id":4,"length":19.1808,"tipPosition":[-18.4197,179.103,83.0274],"tipVelocity":[780.758,-21.9409,-2274.26],"tool":false}],"r":[[-0.805442,-0.582252,-0.11066],[0.488273,-0.757723,0.432949],[-0.335935,0.294683,0.8946]],"s":-1.63107,"t":[-357.823,-158.739,615.573],"timestamp":2648560983},
{"hands":[{"direction":[0.872934,-0.42322,0.242633],"id":3,"palmNormal":[-0.19425,-0.757783,-0.622922],"palmPosition":[38.7187,158.489,97.8298],"palmVelocity":[312.08,-82.2839,-755.381],"r":[[0.98989,0.0161751,-0.140912],[-0.0272541,0.996654,-0.0770521],[0.139194,0.0801135,0.987019]],"s":0.947096,"sphereCenter":[24.0876,156.623,101.021],"sphereRadius":56.0254,"t":[38.2152,10.308,-87.3412]}],"id":541237,"pointables":[{"direction":[-0.477149,-0.100591,-0.873047],"handId":3,"id":6,"length":59.9025,"tipPosition":[10.5509,202.325,28.865],"tipVelocity":[669.112,-50.8029,-1113.68],"tool":false},{"direction":[-0.424804,0.352234,-0.83395],"handId":3,"id":4,"length":18.9852,"tipPosition":[-10.5907,178.005,65.6279],"tipVelocity":[812.89,-114.004,-1806.62],"tool":false}],"r":[[-0.79583,-0.588744,-0.141543],[0.498525,-0.769736,0.398722],[-0.343696,0.246752,0.906083]],"s":-1.69967,"t":[-351.065,-158.876,600.846],"timestamp":2648570614},
{"hands":[{"direction":[0.893474,-0.403509,0.197192],"id":3,"palmNormal":[-0.219564,-0.775469,-0.591979],"palmPosition":[41.4168,157.414,91.4554],"palmVelocity":[276.618,-110.226,-653.52],"r":[[0.9856,0.00915154,-0.168848],[-0.0285222,0.993224,-0.112657],[0.166673,0.115851,0.979183]],"s":0.897887,"sphereCenter":[27.1271,155.569,92.7303],"sphereRadius":56.1975,"t":[44.9137,9.5487,-100.033]}],"id":541239,"pointables":[{"direction":[-0.447799,-0.101137,-0.888396],"handId":3,"id":6,"length":60.199,"tipPosition":[17.2896,201.443,18.7832],"tipVelocity":[690.86,-90.4298,-1033.62],"tool":false},{"direction":[-0.389142,0.304279,-0.869472],"handId":3,"id":4,"length":18.8409,"tipPosition":[-4.04209,176.132,54.3799],"tipVelocity":[671.38,-192.011,-1153.16],"tool":false}],"r":[[-0.787764,-0.592223,-0.16941],[0.507737,-0.780012,0.365765],[-0.348756,0.202121,0.915159]],"s":-1.74888,"t":[-344.365,-159.632,588.15],"timestamp":2648580368},
{"hands":[{"direction":[0.925088,-0.366042,0.101125],"id":3,"palmNormal":[-0.252715,-0.792156,-0.55554],"palmPosition":[43.5502,156.259,87.0619],"palmVelocity":[219.558,-118.828,-452.149],"r":[[0.981041,0.004716,-0.193742],[-0.0323814,0.989639,-0.139878],[0.191075,0.1435,0.971029]],"s":0.877212,"sphereCenter":[30.0648,155.043,86.0697],"sphereRadius":56.0491,"t":[51.2966,8.09867,-110.816]}],"id":541241,"pointables":[{"direction":[-0.417326,-0.10462,-0.902714],"handId":3,"id":6,"length":60.4328,"tipPosition":[24.2679,199.683,9.18792],"tipVelocity":[718.161,-181.07,-987.47],"tool":false},{"direction":[-0.358409,0.249227,-0.899683],"handId":3,"id":4,"length":18.7337,"tipPosition":[1.11443,173.61,46.2276],"tipVelocity":[530.67,-259.55,-838.976],"tool":false}],"r":[[-0.779083,-0.596353,-0.193373],[0.516871,-0.785561,0.340204],[-0.354788,0.165098,0.920254]],"s":-1.76955,"t":[-337.981,-161.081,577.365],"timestamp":2648590085},
{"hands":[{"direction":[0.948904,-0.313526,-0.0358227],"id":3,"palmNormal":[-0.28507,-0.802975,-0.523418],"palmPosition":[45.4141,154.834,82.629],"palmVelocity":[190.581,-145.717,-453.26],"r":[[0.976201,0.00499389,-0.216808],[-0.0397199,0.986941,-0.15611],[0.213197,0.161007,0.963651]],"s":0.884646,"sphereCenter":[32.8111,154.406,79.5604],"sphereRadius":55.7669,"t":[57.4263,5.92883,-120.307]}],"id":541243,"pointables":[{"direction":[-0.383345,-0.110241,-0.917002],"handId":3,"id":6,"length":60.6544,"tipPosition":[31.6848,196.974,-0.578804],"tipVelocity":[758.371,-276.998,-998.642],"tool":false},{"direction":[-0.330358,0.208222,-0.920602],"handId":3,"id":4,"length":18.6671,"tipPosition":[5.45032,170.54,39.5974],"tipVelocity":[443.343,-313.935,-677.934],"tool":false}],"r":[[-0.768451,-0.603238,-0.213511],[0.526499,-0.78567,0.324841],[-0.363706,0.137211,0.921353]],"s":-1.76212,"t":[-331.851,-163.251,567.873],"timestamp":2648599865},
{"hands":[{"direction":[0.948056,-0.24431,-0.203722],"id":3,"palmNormal":[-0.314871,-0.811797,-0.491774],"palmPosition":[47.0026,152.921,78.213],"palmVelocity":[162.143,-195.327,-450.745],"r":[[0.970598,0.0118353,-0.240416],[-0.0516759,0.985748,-0.160097],[0.235095,0.167814,0.957376]],"s":0.915729,"sphereCenter":[35.4038,153.702,73.5861],"sphereRadius":55.4199,"t":[63.5073,2.8931,-129.208]}],"id":541245,"pointables":[{"direction":[-0.340916,-0.117532,-0.932718],"handId":3,"id":6,"length":60.8331,"tipPosition":[40.0221,192.789,-10.9515],"tipVelocity":[851.001,-427.254,-1058.76],"tool":false},{"direction":[-0.307735,0.151201,-0.939381],"handId":3,"id":4,"length":18.6219,"tipPosition":[9.17799,166.922,33.3492],"tipVelocity":[380.49,-369.237,-637.766],"tool":false}],"r":[[-0.753978,-0.614928,-0.231044],[0.537531,-0.77972,0.321089],[-0.377596,0.117901,0.918434]],"s":-1.73104,"t":[-325.769,-166.286,558.972],"timestamp":2648609662},
{"hands":[{"direction":[0.908399,-0.163632,-0.384755],"id":3,"palmNormal":[-0.341048,-0.822329,-0.455479],"palmPosition":[48.2495,150.62,74.3976],"palmVelocity":[128.487,-237.075,-393.182],"r":[[0.964116,0.0236364,-0.264428],[-0.0666313,0.985691,-0.154833],[0.256985,0.166896,0.951895]],"s":0.956126,"sphereCenter":[37.7307,152.667,68.139],"sphereRadius":55.1572,"t":[69.1469,-0.950839,-137.193]}],"id":541247,"pointables":[{"direction":[-0.293184,-0.126584,-0.947639],"handId":3,"id":6,"length":60.9842,"tipPosition":[47.3012,187.505,-19.5767],"tipVelocity":[750.121,-544.523,-888.834],"tool":false},{"direction":[-0.283509,0.126208,-0.950628],"handId":3,"id":4,"length":18.2327,"tipPosition":[12.2949,162.902,27.8361],"tipVelocity":[321.194,-414.286,-568.121],"tool":false}],"r":[[-0.736381,-0.630029,-0.246591],[0.549144,-0.769478,0.326104],[-0.395201,0.104723,0.912606]],"s":-1.69064,"t":[-320.129,-170.13,550.987],"timestamp":2648619366},
{"hands":[{"direction":[0.831519,-0.0833513,-0.549207],"id":3,"palmNormal":[-0.363223,-0.829622,-0.424024],"palmPosition":[49.1232,147.982,70.9886],"palmVelocity":[90.8108,-274.25,-354.325],"r":[[0.95649,0.0394254,-0.289089],[-0.0836864,0.986268,-0.142383],[0.279506,0.16038,0.946655]],"s":0.994699,"sphereCenter":[39.8457,151.45,63.0115],"sphereRadius":54.7742,"t":[74.0122,-5.44295,-144.008]}],"id":541249,"pointables":[{"direction":[-0.240747,-0.136576,-0.960931],"handId":3,"id":6,"length":61.134,"tipPosition":[53.0943,181.325,-26.009],"tipVelocity":[602.126,-642.324,-668.559],"tool":false},{"direction":[-0.258532,0.0986867,-0.960948],"handId":3,"id":4,"length":16.9034,"tipPosition":[14.6839,158.801,22.9762],"tipVelocity":[248.315,-426.233,-505.134],"tool":false}],"r":[[-0.715835,-0.647731,-0.260815],[0.560864,-0.755856,0.337807],[-0.415947,0.0955329,0.904357]],"s":-1.65207,"t":[-315.264,-174.622,544.171],"timestamp":2648628987},
{"hands":[{"direction":[0.742525,-0.0235136,-0.669406],"id":3,"palmNormal":[-0.382123,-0.835671,-0.394508],"palmPosition":[49.6607,144.917,68.0362],"palmVelocity":[55.1612,-314.493,-303.004],"r":[[0.947673,0.0575614,-0.31401],[-0.101524,0.986886,-0.125491],[0.302669,0.150804,0.94109]],"s":1.02628,"sphereCenter":[41.6433,149.819,58.4354],"sphereRadius":54.4555,"t":[77.9317,-10.3915,-149.606]}],"id":541251,"pointables":[{"direction":[-0.188474,-0.148195,-0.970833],"handId":3,"id":6,"length":61.2264,"tipPosition":[57.338,174.844,-30.5475],"tipVelocity":[435.519,-665.117,-465.774],"tool":false},{"direction":[-0.234989,0.0910181,-0.967727],"handId":3,"id":4,"length":16.1658,"tipPosition":[16.3876,154.472,18.7538],"tipVelocity":[174.846,-444.276,-433.339],"tool":false}],"r":[[-0.693169,-0.666607,-0.274138],[0.572016,-0.740172,0.353472],[-0.438536,0.0882039,0.894375]],"s":-1.62048,"t":[-311.345,-179.57,538.573],"timestamp":2648638731},
{"hands":[{"direction":[0.662535,0.0184038,-0.748804],"id":3,"palmNormal":[-0.396468,-0.839557,-0.371426],"palmPosition":[49.8971,141.711,65.5404],"palmVelocity":[24.2211,-328.444,-255.687],"r":[[0.937635,0.0771075,-0.338962],[-0.119415,0.987196,-0.105757],[0.326467,0.139639,0.934837]],"s":1.05095,"sphereCenter":[43.1856,147.979,54.1829],"sphereRadius":54.1104,"t":[80.9599,-15.6447,-154.193]}],"id":541253,"pointables":[{"direction":[-0.137395,-0.161435,-0.977272],"handId":3,"id":6,"length":62.5976,"tipPosition":[60.5655,168.245,-34.0041],"tipVelocity":[330.653,-676.049,-354.125],"tool":false},{"direction":[-0.218193,0.068011,-0.973533],"handId":3,"id":4,"length":16.3986,"tipPosition":[17.4339,149.955,15.058],"tipVelocity":[107.196,-462.753,-378.624],"tool":false}],"r":[[-0.668847,-0.685851,-0.286795],[0.582253,-0.723165,0.371502],[-0.462195,0.0814907,0.883026]],"s":-1.59582,"t":[-308.316,-184.824,533.986],"timestamp":2648648492},
{"hands":[{"direction":[0.593938,0.0466795,-0.803155],"id":3,"palmNormal":[-0.407713,-0.843156,-0.350511],"palmPosition":[49.8501,138.373,63.3944],"palmVelocity":[-4.83025,-343.223,-220.646],"r":[[0.926635,0.0965846,-0.363343],[-0.136353,0.986974,-0.085382],[0.350364,0.128661,0.927735]],"s":1.06919,"sphereCenter":[44.3942,145.778,50.3569],"sphereRadius":53.9059,"t":[83.1637,-21.0709,-157.956]}],"id":541255,"pointables":[{"direction":[-0.0919496,-0.176909,-0.979923],"handId":3,"id":6,"length":63.6623,"tipPosition":[62.7961,161.846,-36.6154],"tipVelocity":[229.34,-657.975,-268.489],"tool":false},{"direction":[-0.206369,0.0453414,-0.977423],"handId":3,"id":4,"length":16.5966,"tipPosition":[17.9621,145.156,11.7912],"tipVelocity":[54.3015,-493.405,-335.891],"tool":false}],"r":[[-0.643926,-0.704263,-0.298954],[0.591218,-0.706044,0.389825],[-0.485614,0.0742716,0.871013]],"s":-1.57758,"t":[-306.113,-190.25,530.223],"timestamp":2648658218},
{"hands":[{"direction":[0.538075,0.0568247,-0.84098],"id":3,"palmNormal":[-0.41792,-0.848468,-0.324724],"palmPosition":[49.4487,134.815,61.33],"palmVelocity":[-41.1397,-364.615,-211.555],"r":[[0.915518,0.114679,-0.385585],[-0.151368,0.986267,-0.0660714],[0.372713,0.118855,0.920303]],"s":1.08307,"sphereCenter":[45.2284,143.36,46.8674],"sphereRadius":53.7223,"t":[84.6033,-26.5142,-161.035]}],"id":541257,"pointables":[{"direction":[-0.0518254,-0.191662,-0.980092],"handId":3,"id":6,"length":64.1314,"tipPosition":[64.0659,155.889,-38.7993],"tipVelocity":[130.138,-610.379,-223.804],"tool":false},{"direction":[-0.193288,0.0324571,-0.980605],"handId":3,"id":4,"length":16.7294,"tipPosition":[18.0433,140.192,9.18596],"tipVelocity":[8.32146,-508.77,-266.982],"tool":false}],"r":[[-0.620138,-0.720703,-0.309865],[0.598575,-0.690011,0.406931],[-0.507087,0.0668757,0.859297]],"s":-1.56369,"t":[-304.673,-195.693,527.144],"timestamp":2648667976},
{"hands":[{"direction":[0.484328,0.0680571,-0.872235],"id":3,"palmNormal":[-0.424678,-0.853349,-0.302396],"palmPosition":[48.5643,130.942,59.2193],"palmVelocity":[-91.8375,-402.208,-219.188],"r":[[0.904914,0.131486,-0.404775],[-0.164474,0.985229,-0.0476581],[0.392529,0.109701,0.913174]],"s":1.09342,"sphereCenter":[45.6204,140.674,43.6223],"sphereRadius":53.5852,"t":[85.2734,-31.8394,-163.569]}],"id":541259,"pointables":[{"direction":[-0.0184667,-0.206835,-0.978201],"handId":3,"id":6,"length":63.7687,"tipPosition":[64.3311,150.192,-40.696],"tipVelocity":[27.5333,-591.612,-196.963],"tool":false},{"direction":[-0.182669,0.01515,-0.983058],"handId":3,"id":4,"length":16.7349,"tipPosition":[17.5792,135.475,7.10283],"tipVelocity":[-48.1917,-489.854,-216.316],"tool":false}],"r":[[-0.598216,-0.735237,-0.318692],[0.60437,-0.675108,0.423043],[-0.526189,0.0604632,0.848216]],"s":-1.55335,"t":[-304.003,-201.018,524.61],"timestamp":2648677606},
{"hands":[{"direction":[0.441385,0.0837849,-0.893398],"id":3,"palmNormal":[-0.427554,-0.855707,-0.291484],"palmPosition":[47.2877,127.189,57.3967],"palmVelocity":[-131.574,-386.824,-187.855],"r":[[0.895175,0.147076,-0.420749],[-0.175817,0.983962,-0.0301124],[0.409572,0.100931,0.906677]],"s":1.10153,"sphereCenter":[45.5058,137.631,40.6571],"sphereRadius":53.5029,"t":[85.1363,-36.9172,-165.643]}],"id":541261,"pointables":[{"direction":[0.00767693,-0.221657,-0.975094],"handId":3,"id":6,"length":63.8784,"tipPosition":[63.6557,144.904,-42.3276],"tipVelocity":[-69.6144,-545.05,-168.17],"tool":false},{"direction":[-0.175459,0.00265499,-0.984483],"handId":3,"id":4,"length":16.8337,"tipPosition":[16.3658,131.102,5.50952],"tipVelocity":[-125.07,-450.671,-164.225],"tool":false}],"r":[[-0.578466,-0.748049,-0.325268],[0.608772,-0.661319,0.438239],[-0.542931,0.0554927,0.837942]],"s":-1.54524,"t":[-304.14,-206.096,522.536],"timestamp":2648687308},
{"hands":[{"direction":[0.407635,0.0947517,-0.908216],"id":3,"palmNormal":[-0.428221,-0.858621,-0.281776],"palmPosition":[45.7237,123.861,55.8535],"palmVelocity":[-159.514,-339.377,-157.39],"r":[[0.886369,0.162516,-0.43352],[-0.186031,0.98247,-0.0120514],[0.423961,0.0913301,0.901064]],"s":1.10812,"sphereCenter":[44.8555,134.142,37.9854],"sphereRadius":53.5504,"t":[84.1591,-41.6591,-167.269]}],"id":541263,"pointables":[{"direction":[0.0264293,-0.23747,-0.971035],"handId":3,"id":6,"length":63.9777,"tipPosition":[62.0456,139.82,-43.6436],"tipVelocity":[-164.211,-518.489,-134.218],"tool":false},{"direction":[-0.167752,-0.0144332,-0.985724],"handId":3,"id":4,"length":16.899,"tipPosition":[14.3416,127.374,4.46874],"tipVelocity":[-206.441,-380.269,-106.149],"tool":false}],"r":[[-0.560445,-0.759995,-0.329104],[0.611959,-0.647772,0.45376],[-0.55804,0.0529092,0.828126]],"s":-1.53864,"t":[-305.117,-210.838,520.91],"timestamp":2648697113},
{"hands":[{"direction":[0.375452,0.107593,-0.920576],"id":3,"palmNormal":[-0.423789,-0.863402,-0.273751],"palmPosition":[43.6995,120.916,54.3597],"palmVelocity":[-208.099,-302.761,-153.568],"r":[[0.878569,0.177934,-0.443234],[-0.195286,0.980724,0.00661317],[0.435867,0.0807475,0.896382]],"s":1.11384,"sphereCenter":[43.7092,130.38,35.6406],"sphereRadius":53.6657,"t":[82.3614,-46.0485,-168.545]}],"id":541265,"pointables":[{"direction":[0.0395888,-0.252857,-0.966693],"handId":3,"id":6,"length":63.9763,"tipPosition":[59.58,135.068,-44.7825],"tipVelocity":[-253.483,-488.55,-117.081],"tool":false},{"direction":[-0.16133,-0.033108,-0.986345],"handId":3,"id":4,"length":16.8783,"tipPosition":[11.5704,124.052,3.7527],"tipVelocity":[-284.894,-341.452,-73.613],"tool":false}],"r":[[-0.544114,-0.77127,-0.330275],[0.614042,-0.634318,0.469673],[-0.571744,0.0527533,0.818734]],"s":-1.53292,"t":[-306.915,-215.227,519.634],"timestamp":2648706840},
{"hands":[{"direction":[0.345023,0.120468,-0.930831],"id":3,"palmNormal":[-0.412705,-0.871242,-0.26573],"palmPosition":[41.1434,118.239,52.9794],"palmVelocity":[-266.514,-279.172,-143.922],"r":[[0.872166,0.193539,-0.449298],[-0.203685,0.978686,0.0261908],[0.444791,0.0686723,0.892998]],"s":1.11818,"sphereCenter":[42.0434,126.31,33.6528],"sphereRadius":53.9768,"t":[79.7249,-50.1256,-169.43]}],"id":541267,"pointables":[{"direction":[0.0477588,-0.268393,-0.962125],"handId":3,"id":6,"length":63.8465,"tipPosition":[56.0265,130.498,-45.5769],"tipVelocity":[-370.504,-476.516,-82.8324],"tool":false},{"direction":[-0.158083,-0.050799,-0.986118],"handId":3,"id":4,"length":17.0365,"tipPosition":[8.17378,121.093,3.56289],"tipVelocity":[-354.151,-308.558,-19.7907],"tool":false}],"r":[[-0.529864,-0.782018,-0.328164],[0.615012,-0.620751,0.486238],[-0.583956,0.0558152,0.809864]],"s":-1.52858,"t":[-309.551,-219.304,518.749],"timestamp":2648716431},
{"hands":[{"direction":[0.316911,0.131826,-0.939249],"id":3,"palmNormal":[-0.3939,-0.882559,-0.256775],"palmPosition":[38.106,115.881,51.5927],"palmVelocity":[-309.144,-240.005,-141.142],"r":[[0.867614,0.20921,-0.451085],[-0.21122,0.976329,0.0465552],[0.450147,0.0548865,0.891266]],"s":1.12021,"sphereCenter":[40.0536,122.017,31.7849],"sphereRadius":54.3742,"t":[76.2424,-53.9457,-170.008]}],"id":541269,"pointables":[{"direction":[0.0520392,-0.28338,-0.957595],"handId":3,"id":6,"length":63.7049,"tipPosition":[51.3086,126.104,-46.1953],"tipVelocity":[-480.188,-447.206,-62.9401],"tool":false},{"direction":[-0.156249,-0.0700296,-0.985232],"handId":3,"id":4,"length":17.0507,"tipPosition":[4.23439,118.36,3.63766],"tipVelocity":[-400.955,-278.147,7.6104],"tool":false}],"r":[[-0.5183,-0.792146,-0.322287],[0.614885,-0.607102,0.503333],[-0.594374,0.0627078,0.80174]],"s":-1.52655,"t":[-313.034,-223.125,518.171],"timestamp":2648726256},
{"hands":[{"direction":[0.287003,0.149099,-0.946255],"id":3,"palmNormal":[-0.367877,-0.894911,-0.252588],"palmPosition":[34.2958,113.851,50.3339],"palmVelocity":[-391.396,-208.54,-129.303],"r":[[0.865133,0.224574,-0.448454],[-0.217903,0.973653,0.0672143],[0.451733,0.0395701,0.891275]],"s":1.11942,"sphereCenter":[37.7641,117.743,30.1853],"sphereRadius":54.8318,"t":[71.9056,-57.4799,-170.295]}],"id":541271,"pointables":[{"direction":[0.0519987,-0.29828,-0.953061],"handId":3,"id":6,"length":63.9152,"tipPosition":[45.4769,122.077,-46.5295],"tipVelocity":[-599.05,-413.718,-34.3329],"tool":false},{"direction":[-0.154232,-0.0873806,-0.984163],"handId":3,"id":4,"length":17.0712,"tipPosition":[-0.315964,115.892,3.97897],"tipVelocity":[-467.422,-253.578,35.0599],"tool":false}],"r":[[-0.509821,-0.801437,-0.3127],[0.613801,-0.593553,0.520521],[-0.602769,0.0734369,0.794529]],"s":-1.52734,"t":[-317.371,-226.659,517.884],"timestamp":2648735991},
{"hands":[{"direction":[0.255019,0.172305,-0.95146],"id":3,"palmNormal":[-0.332983,-0.908159,-0.253713],"palmPosition":[29.6547,112.208,49.0849],"palmVelocity":[-476.644,-168.73,-128.273],"r":[[0.865029,0.239003,-0.441139],[-0.223674,0.970743,0.0873322],[0.449105,0.0231265,0.89318]],"s":1.11625,"sphereCenter":[35.2847,113.745,28.8148],"sphereRadius":55.1924,"t":[66.7458,-60.6023,-170.306]}],"id":541273,"pointables":[{"direction":[0.0484144,-0.312352,-0.948732],"handId":3,"id":6,"length":64.1052,"tipPosition":[38.6402,118.727,-46.6713],"tipVelocity":[-702.138,-344.035,-14.5592],"tool":false},{"direction":[-0.153355,-0.107938,-0.982258],"handId":3,"id":4,"length":16.8681,"tipPosition":[-5.445,113.82,4.65092],"tipVelocity":[-526.758,-212.754,69.01],"tool":false}],"r":[[-0.505046,-0.809473,-0.299469],[0.611973,-0.580525,0.537103],[-0.608619,0.087995,0.788568]],"s":-1.53051,"t":[-322.53,-229.781,517.873],"timestamp":2648745728},
{"hands":[{"direction":[0.214972,0.209125,-0.953967],"id":3,"palmNormal":[-0.286181,-0.920437,-0.266265],"palmPosition":[24.1767,111.026,47.886],"palmVelocity":[-559.841,-120.748,-122.526],"r":[[0.86766,0.251526,-0.428837],[-0.228392,0.96783,0.105559],[0.441592,0.00635338,0.897193]],"s":1.11068,"sphereCenter":[32.4827,110.381,27.7661],"sphereRadius":55.5089,"t":[60.8204,-63.1471,-170.04]}],"id":541275,"pointables":[{"direction":[0.0414644,-0.324912,-0.944835],"handId":3,"id":6,"length":64.2558,"tipPosition":[30.8376,116.375,-46.5713],"tipVelocity":[-797.398,-240.359,10.2213],"tool":false},{"direction":[-0.152178,-0.128292,-0.979991],"handId":3,"id":4,"length":16.7441,"tipPosition":[-11.0241,112.237,5.63781],"tipVelocity":[-570.171,-161.734,100.857],"tool":false}],"r":[[-0.504811,-0.815596,-0.282789],[0.609744,-0.568789,0.551989],[-0.611048,0.106221,0.784435]],"s":-1.53608,"t":[-328.456,-232.326,518.139],"timestamp":2648755513},
{"hands":[{"direction":[0.16968,0.24634,-0.954214],"id":3,"palmNormal":[-0.234033,-0.930484,-0.28183],"palmPosition":[17.9006,110.431,47.0421],"palmVelocity":[-653.894,-61.9859,-87.9256],"r":[[0.873055,0.261112,-0.41182],[-0.231923,0.965261,0.120344],[0.428937,-0.00955686,0.903284]],"s":1.10302,"sphereCenter":[29.3177,107.606,26.7468],"sphereRadius":55.8517,"t":[54.2373,-64.9397,-169.558]}],"id":541277,"pointables":[{"direction":[0.0313806,-0.335614,-0.941477],"handId":3,"id":6,"length":64.3969,"tipPosition":[22.3208,115.279,-46.3069],"tipVelocity":[-887.355,-114.148,27.542],"tool":false},{"direction":[-0.151798,-0.148597,-0.977178],"handId":3,"id":4,"length":16.5223,"tipPosition":[-16.9892,111.253,6.77037],"tipVelocity":[-621.488,-102.606,118],"tool":false}],"r":[[-0.50954,-0.819144,-0.263387],[0.607578,-0.559276,0.563968],[-0.609276,0.127336,0.782667]],"s":-1.54375,"t":[-335.039,-234.118,518.621],"timestamp":2648765111},
{"hands":[{"direction":[0.123321,0.283389,-0.951043],"id":3,"palmNormal":[-0.185727,-0.934833,-0.302642],"palmPosition":[11.1228,110.718,46.4746],"palmVelocity":[-697.52,29.5303,-58.3993],"r":[[0.881616,0.266749,-0.389357],[-0.234032,0.963476,0.130164],[0.409857,-0.0236328,0.911844]],"s":1.09169,"sphereCenter":[25.943,105.623,25.7146],"sphereRadius":56.0827,"t":[46.97,-65.7869,-168.808]}],"id":541279,"pointables":[{"direction":[0.0178454,-0.343548,-0.938965],"handId":3,"id":6,"length":64.7482,"tipPosition":[12.684,115.675,-45.6162],"tipVelocity":[-991.745,40.6813,71.0843],"tool":false},{"direction":[-0.153323,-0.164177,-0.974442],"handId":3,"id":4,"length":16.2042,"tipPosition":[-23.2552,111.054,8.11354],"tipVelocity":[-644.854,-20.4863,138.229],"tool":false}],"r":[[-0.520239,-0.819282,-0.241099],[0.605883,-0.55303,0.571894],[-0.601877,0.151444,0.784097]],"s":-1.55508,"t":[-342.306,-234.966,519.371],"timestamp":2648774828},
